Trajectoire initiale:
Trajectoire 1:
Trajectoire avec 5 matrices de covariance
Trajectoire actuelle:
[[ 8.69441749e-05  8.30567322e-05  8.13574513e-05  7.49330275e-05
   8.14786482e-05  8.20482094e-05  7.16450337e-05  7.55326430e-05
   7.90761680e-05  7.93112833e-05  7.97332306e-05  7.88301957e-05
   6.02512821e-05  8.07446500e-05  8.35384620e-05  8.26486090e-05
   8.12124669e-05  8.14671479e-05  9.25753943e-05  9.37242409e-05
   9.22277134e-05  9.78191043e-05  3.14294393e-05  1.62878365e-04
  -8.80626035e-05  2.92667123e-02]
 [ 8.30567321e-05  8.97555650e-05  8.22860382e-05  7.30895497e-05
   8.04501685e-05  8.20586922e-05  7.98973635e-05  8.52007142e-05
   8.56210447e-05  8.24101110e-05  8.18788025e-05  8.15744909e-05
   6.46392337e-05  8.95846152e-05  9.09009270e-05  8.69377866e-05
   8.24112758e-05  8.43250348e-05  9.83781316e-05  9.64122976e-05
   9.13326950e-05  9.48416577e-05  2.78691486e-05  1.62988141e-04
  -8.04449916e-05  4.69152426e-02]
 [ 8.13574513e-05  8.22860382e-05  7.86175692e-05  7.03698158e-05
   7.80420748e-05  8.05205051e-05  7.28474210e-05  7.65331407e-05
   7.85850243e-05  7.68406934e-05  7.79578686e-05  7.89639883e-05
   6.29457936e-05  8.09809152e-05  8.33188978e-05  8.02847920e-05
   7.78249022e-05  8.09938092e-05  9.12734535e-05  9.09435352e-05
   8.78335844e-05  9.09029201e-05  2.97492314e-05  1.57134247e-04
  -7.72604691e-05  5.26631425e-02]
 [ 7.49330274e-05  7.30895497e-05  7.03698158e-05  6.49457805e-05
   7.17622319e-05  7.42972942e-05  6.15816067e-05  6.59104746e-05
   6.99381222e-05  6.91989765e-05  7.12858339e-05  7.30445551e-05
   5.79774904e-05  7.08678531e-05  7.38844160e-05  7.27381586e-05
   7.18677283e-05  7.51701775e-05  8.17767408e-05  8.31201846e-05
   8.21160847e-05  8.43264286e-05  2.72648513e-05  1.40306662e-04
  -7.07496869e-05  5.65365111e-02]
 [ 8.14786482e-05  8.04501685e-05  7.80420748e-05  7.17622319e-05
   7.96219067e-05  7.98896113e-05  6.90682985e-05  7.39374881e-05
   7.85137831e-05  7.82829695e-05  7.97053913e-05  7.98287992e-05
   6.17322293e-05  8.05800141e-05  8.38042990e-05  8.28348211e-05
   8.12943726e-05  8.28132943e-05  9.25876194e-05  9.40707043e-05
   9.23823384e-05  9.59540612e-05  2.84577477e-05  1.49834351e-04
  -7.79603786e-05  4.41732912e-02]
 [ 8.20482093e-05  8.20586922e-05  8.05205051e-05  7.42972942e-05
   7.98896113e-05  8.02447734e-05  6.89395605e-05  7.51187119e-05
   8.08577702e-05  8.17550912e-05  8.14589642e-05  8.00592053e-05
   5.97698371e-05  8.08296282e-05  8.49804094e-05  8.49880235e-05
   8.28784753e-05  8.21561658e-05  9.12633456e-05  9.34203602e-05
   9.14303963e-05  9.34563736e-05  2.72832590e-05  1.41001218e-04
  -7.94590112e-05  4.01780161e-02]
 [ 7.16450337e-05  7.98973635e-05  7.28474210e-05  6.15816067e-05
   6.90682985e-05  6.89395605e-05  7.52682399e-05  8.04141389e-05
   7.90733520e-05  7.60094662e-05  7.44307754e-05  7.09751254e-05
   5.59900118e-05  8.73094168e-05  8.72149922e-05  8.33315645e-05
   7.44777512e-05  7.54164263e-05  9.29646644e-05  8.95147048e-05
   8.10472909e-05  8.46709597e-05  2.19425922e-05  1.58040741e-04
  -6.79920672e-05  1.20993207e-02]
 [ 7.55326430e-05  8.52007143e-05  7.65331407e-05  6.59104746e-05
   7.39374881e-05  7.51187119e-05  8.04141389e-05  8.79822051e-05
   8.46263790e-05  7.89714407e-05  7.78992270e-05  7.61392166e-05
   6.12645051e-05  9.35673022e-05  9.20807483e-05  8.52946853e-05
   7.75159997e-05  7.97412504e-05  9.84843365e-05  9.44141391e-05
   8.60557561e-05  8.93911668e-05  2.40229693e-05  1.54096182e-04
  -7.26674087e-05  4.91415868e-02]
 [ 7.90761679e-05  8.56210447e-05  7.85850243e-05  6.99381222e-05
   7.85137831e-05  8.08577702e-05  7.90733520e-05  8.46263790e-05
   8.61088538e-05  8.14490020e-05  8.18073397e-05  8.17059171e-05
   6.61799733e-05  9.06921061e-05  9.19603039e-05  8.67610609e-05
   8.14129768e-05  8.48798112e-05  9.89525668e-05  9.70669496e-05
   9.11366263e-05  9.28689948e-05  2.55846882e-05  1.53443565e-04
  -7.48161483e-05  5.67264025e-02]
 [ 7.93112833e-05  8.24101110e-05  7.68406934e-05  6.91989765e-05
   7.82829695e-05  8.17550912e-05  7.60094662e-05  7.89714407e-05
   8.14490020e-05  7.96224524e-05  8.10301654e-05  8.26787463e-05
   6.81958988e-05  8.56027037e-05  8.78920823e-05  8.35691002e-05
   8.09156164e-05  8.53659639e-05  9.64752475e-05  9.58111839e-05
   9.25446236e-05  9.44803181e-05  2.73254777e-05  1.53113272e-04
  -7.44844277e-05  5.18323506e-02]
 [ 7.97332306e-05  8.18788025e-05  7.79578686e-05  7.12858339e-05
   7.97053913e-05  8.14589642e-05  7.44307754e-05  7.78992270e-05
   8.18073397e-05  8.10301654e-05  8.46856980e-05  8.46020992e-05
   6.73816665e-05  8.49699379e-05  8.83820735e-05  8.59860322e-05
   8.44969923e-05  8.75059488e-05  9.64160295e-05  9.74427412e-05
   9.47885959e-05  9.61976054e-05  2.77212263e-05  1.48347956e-04
  -7.63267902e-05  4.81285133e-02]
 [ 7.88301957e-05  8.15744909e-05  7.89639883e-05  7.30445551e-05
   7.98287992e-05  8.00592053e-05  7.09751254e-05  7.61392166e-05
   8.17059171e-05  8.26787463e-05  8.46020992e-05  8.58889255e-05
   6.54941334e-05  8.06176190e-05  8.57001710e-05  8.55936247e-05
   8.51784505e-05  8.63624399e-05  9.03408695e-05  9.29579270e-05
   9.11881410e-05  8.95317033e-05  2.63950562e-05  1.37511838e-04
  -7.05894349e-05  3.83830045e-02]
 [ 6.02512821e-05  6.46392337e-05  6.29457936e-05  5.79774904e-05
   6.17322293e-05  5.97698371e-05  5.59900118e-05  6.12645051e-05
   6.61799733e-05  6.81958988e-05  6.73816665e-05  6.54941334e-05
   4.92573292e-05  6.51350168e-05  6.94048800e-05  7.03850877e-05
   6.85997502e-05  6.68089208e-05  7.04557531e-05  7.34883425e-05
   7.13905626e-05  6.79261442e-05  1.74874579e-05  9.87788210e-05
  -5.76642992e-05  3.42109653e-02]
 [ 8.07446500e-05  8.95846152e-05  8.09809152e-05  7.08678531e-05
   8.05800141e-05  8.08296282e-05  8.73094168e-05  9.35673022e-05
   9.06921061e-05  8.56027037e-05  8.49699379e-05  8.06176190e-05
   6.51350168e-05  1.02331379e-04  1.00600178e-04  9.25583906e-05
   8.20967262e-05  8.41896341e-05  1.07395679e-04  1.01523467e-04
   9.05403866e-05  9.54908852e-05  2.41784021e-05  1.64948490e-04
  -7.21841494e-05  4.49063663e-02]
 [ 8.35384620e-05  9.09009270e-05  8.33188978e-05  7.38844160e-05
   8.38042990e-05  8.49804094e-05  8.72149922e-05  9.20807483e-05
   9.19603039e-05  8.78920823e-05  8.83820735e-05  8.57001710e-05
   6.94048800e-05  1.00600178e-04  1.02589994e-04  9.46511880e-05
   8.65806099e-05  8.91272580e-05  1.09362782e-04  1.05329849e-04
   9.62963338e-05  1.00484561e-04  2.53377478e-05  1.66298069e-04
  -7.77196262e-05  4.33642744e-02]
 [ 8.26486090e-05  8.69377866e-05  8.02847920e-05  7.27381586e-05
   8.28348211e-05  8.49880235e-05  8.33315645e-05  8.52946853e-05
   8.67610609e-05  8.35691002e-05  8.59860322e-05  8.55936247e-05
   7.03850877e-05  9.25583906e-05  9.46511880e-05  8.96235498e-05
   8.40429302e-05  8.74654995e-05  1.02896503e-04  1.00299915e-04
   9.39128755e-05  9.72130321e-05  2.68487714e-05  1.59189419e-04
  -7.53820012e-05  3.23720888e-02]
 [ 8.12124669e-05  8.24112758e-05  7.78249022e-05  7.18677283e-05
   8.12943726e-05  8.28784753e-05  7.44777512e-05  7.75159997e-05
   8.14129768e-05  8.09156164e-05  8.44969923e-05  8.51784505e-05
   6.85997502e-05  8.20967262e-05  8.65806099e-05  8.40429302e-05
   8.28269160e-05  8.59787280e-05  9.21303462e-05  9.24092454e-05
   8.85456386e-05  8.80203797e-05  2.96444933e-05  1.52076581e-04
  -6.55863374e-05  3.73072968e-02]
 [ 8.14671479e-05  8.43250348e-05  8.09938092e-05  7.51701775e-05
   8.28132943e-05  8.21561658e-05  7.54164263e-05  7.97412504e-05
   8.48798112e-05  8.53659639e-05  8.75059488e-05  8.63624399e-05
   6.68089208e-05  8.41896341e-05  8.91272580e-05  8.74654995e-05
   8.59787280e-05  8.84263946e-05  9.31038319e-05  9.41507037e-05
   9.07577541e-05  8.90723742e-05  2.71443252e-05  1.45668147e-04
  -7.04028742e-05  2.94796364e-02]
 [ 9.25753943e-05  9.83781316e-05  9.12734535e-05  8.17767408e-05
   9.25876194e-05  9.12633456e-05  9.29646644e-05  9.84843365e-05
   9.89525668e-05  9.64752475e-05  9.64160295e-05  9.03408695e-05
   7.04557531e-05  1.07395679e-04  1.09362782e-04  1.02896503e-04
   9.21303462e-05  9.31038319e-05  1.18766211e-04  1.11814517e-04
   1.00102771e-04  1.06949518e-04  2.59736323e-05  1.83841452e-04
  -7.82283658e-05  2.06364303e-02]
 [ 9.37242409e-05  9.64122976e-05  9.09435352e-05  8.31201846e-05
   9.40707043e-05  9.34203602e-05  8.95147048e-05  9.44141391e-05
   9.70669496e-05  9.58111839e-05  9.74427412e-05  9.29579270e-05
   7.34883425e-05  1.01523467e-04  1.05329849e-04  1.00299915e-04
   9.24092454e-05  9.41507037e-05  1.11814517e-04  1.08820163e-04
   9.82993964e-05  1.01713487e-04  2.86661556e-05  1.80134573e-04
  -7.23464951e-05  2.13940930e-02]
 [ 9.22277134e-05  9.13326950e-05  8.78335844e-05  8.21160847e-05
   9.23823384e-05  9.14303963e-05  8.10472909e-05  8.60557561e-05
   9.11366263e-05  9.25446236e-05  9.47885959e-05  9.11881410e-05
   7.13905626e-05  9.05403866e-05  9.62963338e-05  9.39128755e-05
   8.85456386e-05  9.07577541e-05  1.00102771e-04  9.82993964e-05
   9.20370937e-05  9.10040045e-05  3.14747815e-05  1.72267281e-04
  -6.33284064e-05  1.17084035e-02]
 [ 9.78191043e-05  9.48416577e-05  9.09029201e-05  8.43264286e-05
   9.59540612e-05  9.34563736e-05  8.46709597e-05  8.93911668e-05
   9.28689948e-05  9.44803181e-05  9.61976054e-05  8.95317033e-05
   6.79261442e-05  9.54908852e-05  1.00484561e-04  9.72130321e-05
   8.80203797e-05  8.90723742e-05  1.06949518e-04  1.01713487e-04
   9.10040045e-05  9.80621674e-05  3.13790320e-05  1.92797448e-04
  -6.25001462e-05  2.59683946e-03]
 [ 3.14294393e-05  2.78691486e-05  2.97492314e-05  2.72648513e-05
   2.84577477e-05  2.72832590e-05  2.19425922e-05  2.40229693e-05
   2.55846882e-05  2.73254777e-05  2.77212263e-05  2.63950562e-05
   1.74874579e-05  2.41784021e-05  2.53377478e-05  2.68487714e-05
   2.96444933e-05  2.71443252e-05  2.59736323e-05  2.86661556e-05
   3.14747815e-05  3.13790320e-05  1.15889289e-05  6.61842137e-05
  -4.39334261e-05 -2.23109498e-02]
 [ 1.62878365e-04  1.62988141e-04  1.57134247e-04  1.40306662e-04
   1.49834351e-04  1.41001218e-04  1.58040741e-04  1.54096182e-04
   1.53443565e-04  1.53113272e-04  1.48347956e-04  1.37511838e-04
   9.87788210e-05  1.64948490e-04  1.66298069e-04  1.59189419e-04
   1.52076581e-04  1.45668147e-04  1.83841452e-04  1.80134573e-04
   1.72267281e-04  1.92797448e-04  6.61842137e-05  3.64880270e-04
  -2.04796041e-04 -1.20438016e-01]
 [-8.80626035e-05 -8.04449916e-05 -7.72604691e-05 -7.07496869e-05
  -7.79603786e-05 -7.94590112e-05 -6.79920672e-05 -7.26674087e-05
  -7.48161483e-05 -7.44844277e-05 -7.63267902e-05 -7.05894349e-05
  -5.76642992e-05 -7.21841494e-05 -7.77196262e-05 -7.53820012e-05
  -6.55863374e-05 -7.04028742e-05 -7.82283658e-05 -7.23464951e-05
  -6.33284064e-05 -6.25001462e-05 -4.39334261e-05 -2.04796041e-04
   1.68352725e-05  1.43625536e-01]
 [ 2.92667123e-02  4.69152426e-02  5.26631425e-02  5.65365111e-02
   4.41732912e-02  4.01780161e-02  1.20993207e-02  4.91415868e-02
   5.67264025e-02  5.18323506e-02  4.81285133e-02  3.83830045e-02
   3.42109653e-02  4.49063663e-02  4.33642744e-02  3.23720888e-02
   3.73072968e-02  2.94796364e-02  2.06364303e-02  2.13940930e-02
   1.17084035e-02  2.59683946e-03 -2.23109498e-02 -1.20438016e-01
   1.43625536e-01  1.10080064e+01]]
Trajectoire 2:
Trajectoire avec 5 matrices de covariance
Trajectoire actuelle:
[[-4.22559425e-06 -4.58137576e-07  7.16212663e-06  4.73325275e-06
   1.34140424e-06 -3.19188606e-06  4.52973540e-06  1.51633792e-05
   1.94424465e-05  1.95593705e-05  7.33815758e-06  1.52031895e-06
  -1.10536989e-05  1.63125940e-05  1.94936226e-05  1.97990000e-05
  -7.25683067e-07 -9.45925619e-06  1.16349153e-05 -6.08917500e-06
  -2.15189119e-05 -3.08577858e-05  1.47520179e-06 -4.45242318e-06
   2.17500323e-06  0.00000000e+00]
 [-4.58137576e-07  4.30472059e-06  9.92589268e-06  1.04171399e-05
   6.03533294e-06  3.11413802e-06  2.21851205e-06  1.40112523e-05
   1.80886355e-05  1.98492661e-05  1.02809038e-05  6.86551508e-06
  -7.47532450e-06  1.36001565e-05  1.73436633e-05  2.10632734e-05
   4.69300504e-06 -2.82725916e-06  1.40068922e-05  6.66812216e-07
  -1.14507823e-05 -1.75363280e-05  5.83827838e-06  2.45917163e-06
   2.94855287e-06  0.00000000e+00]
 [ 7.16212663e-06  9.92589268e-06  1.87763101e-05  1.80582766e-05
   1.19724331e-05  6.22654844e-06  8.40880787e-06  2.17091486e-05
   2.56851545e-05  2.61733985e-05  1.47137824e-05  8.05962760e-06
  -8.80974274e-06  2.02963304e-05  2.29732019e-05  2.39116297e-05
   5.07554044e-06 -4.75684707e-06  1.61216475e-05 -1.75935408e-06
  -1.63951423e-05 -2.52629971e-05  9.85114706e-06  6.37526920e-06
   2.43148192e-06  0.00000000e+00]
 [ 4.73325275e-06  1.04171399e-05  1.80582766e-05  1.73392295e-05
   8.83131098e-06  1.07891670e-06  1.01929616e-05  2.34405781e-05
   2.75921353e-05  2.60077497e-05  1.12323484e-05  1.70747781e-06
  -1.39740718e-05  2.07894714e-05  2.39665760e-05  2.25147817e-05
   2.79559366e-07 -1.15870781e-05  1.38114906e-05 -5.97615359e-06
  -2.29458510e-05 -3.21423285e-05  1.04289098e-05  3.22552624e-06
   1.90511612e-06  0.00000000e+00]
 [ 1.34140424e-06  6.03533294e-06  1.19724331e-05  8.83131098e-06
   2.15245026e-06 -6.03343480e-06  7.43738048e-06  1.65417090e-05
   1.85264407e-05  1.42409598e-05 -4.85618446e-07 -1.10475556e-05
  -2.02785369e-05  1.15010453e-05  1.27585276e-05  8.01646500e-06
  -1.42036526e-05 -2.55594224e-05  1.00497062e-06 -2.00889655e-05
  -3.66501936e-05 -4.37776782e-05  1.04400516e-05  4.94898526e-06
   2.97124106e-06  0.00000000e+00]
 [-3.19188606e-06  3.11413802e-06  6.22654844e-06  1.07891670e-06
  -6.03343480e-06 -1.12827928e-05  6.27535231e-06  1.13964345e-05
   1.12780489e-05  5.20519065e-06 -9.10296428e-06 -1.97321542e-05
  -2.46205734e-05  4.92475415e-06  5.03616202e-06 -1.45711806e-06
  -2.18886115e-05 -3.27489819e-05 -6.21367638e-06 -2.57420588e-05
  -4.12292565e-05 -4.49174367e-05  1.00759315e-05  5.33957765e-06
   3.22311874e-06  0.00000000e+00]
 [ 4.52973540e-06  2.21851205e-06  8.40880787e-06  1.01929616e-05
   7.43738048e-06  6.27535231e-06  4.15598420e-08  5.59606507e-06
   9.00572364e-06  9.75368668e-06  6.08008441e-06  3.83329995e-06
  -2.61567592e-06  1.99767724e-06  4.93293856e-06  6.84697203e-06
  -2.07899891e-07 -3.97412154e-06  2.69120051e-06 -5.32116864e-06
  -9.84409011e-06 -1.37098230e-05  9.97390574e-06  9.89630109e-06
   9.86210339e-06  0.00000000e+00]
 [ 1.51633792e-05  1.40112523e-05  2.17091486e-05  2.34405781e-05
   1.65417090e-05  1.13964345e-05  5.59606507e-06  1.75911046e-05
   2.17144663e-05  2.36800955e-05  1.52366645e-05  8.74848862e-06
  -5.43803848e-06  1.09287413e-05  1.53684378e-05  1.79409472e-05
   6.12814688e-06 -2.11958486e-06  1.11585186e-05 -1.10861080e-06
  -9.78199984e-06 -1.66789653e-05  1.68434123e-05  1.59159635e-05
   1.01591144e-05  0.00000000e+00]
 [ 1.94424465e-05  1.80886355e-05  2.56851545e-05  2.75921353e-05
   1.85264407e-05  1.12780489e-05  9.00572364e-06  2.17144663e-05
   2.65663691e-05  2.62438572e-05  1.54391585e-05  7.04815253e-06
  -1.06282148e-05  1.47977346e-05  1.71934709e-05  1.74205729e-05
   1.57032121e-06 -8.26085990e-06  9.73011880e-06 -7.86571103e-06
  -2.00704143e-05 -2.91375538e-05  2.00152225e-05  1.74215005e-05
   8.62279818e-06  0.00000000e+00]
 [ 1.95593705e-05  1.98492661e-05  2.61733985e-05  2.60077497e-05
   1.42409598e-05  5.20519065e-06  9.75368668e-06  2.36800955e-05
   2.62438572e-05  2.52973621e-05  9.13217778e-06 -1.89276773e-06
  -1.88053412e-05  1.48033910e-05  1.64040936e-05  1.37073868e-05
  -6.08116716e-06 -1.80385804e-05  5.76854645e-06 -1.48113879e-05
  -3.00926377e-05 -3.92487951e-05  2.44252409e-05  1.96900240e-05
   9.66296240e-06  0.00000000e+00]
 [ 7.33815758e-06  1.02809038e-05  1.47137824e-05  1.12323484e-05
  -4.85618447e-07 -9.10296428e-06  6.08008441e-06  1.52366645e-05
   1.54391585e-05  9.13217778e-06 -6.93439413e-06 -2.02513714e-05
  -2.78036917e-05  5.12407950e-06  4.62872391e-06 -2.69834021e-06
  -2.45212169e-05 -3.64865104e-05 -8.05626828e-06 -3.09621205e-05
  -4.69103815e-05 -5.20290827e-05  1.86469039e-05  1.31609976e-05
   6.13491215e-06  0.00000000e+00]
 [ 1.52031895e-06  6.86551508e-06  8.05962760e-06  1.70747781e-06
  -1.10475556e-05 -1.97321542e-05  3.83329995e-06  8.74848862e-06
   7.04815253e-06 -1.89276773e-06 -2.02513714e-05 -3.27358985e-05
  -3.60757030e-05 -3.40757355e-06 -4.84796050e-06 -1.47258795e-05
  -3.58714177e-05 -4.82441553e-05 -1.73362050e-05 -3.91352664e-05
  -5.47970358e-05 -5.49933624e-05  1.80354070e-05  1.11738649e-05
   2.75455688e-06  0.00000000e+00]
 [-1.10536989e-05 -7.47532450e-06 -8.80974274e-06 -1.39740718e-05
  -2.02785369e-05 -2.46205734e-05 -2.61567592e-06 -5.43803848e-06
  -1.06282148e-05 -1.88053412e-05 -2.78036917e-05 -3.60757030e-05
  -3.27909943e-05 -1.21295522e-05 -1.79423813e-05 -2.74167005e-05
  -3.93232960e-05 -4.54834240e-05 -2.36350860e-05 -4.08295332e-05
  -4.96667043e-05 -4.66661525e-05  1.03453983e-05  4.99558137e-06
  -1.69037544e-06  0.00000000e+00]
 [ 1.63125940e-05  1.36001565e-05  2.02963304e-05  2.07894714e-05
   1.15010453e-05  4.92475415e-06  1.99767724e-06  1.09287413e-05
   1.47977346e-05  1.48033910e-05  5.12407950e-06 -3.40757355e-06
  -1.21295522e-05  2.64828929e-06  3.60155076e-06  2.89141091e-06
  -6.06965087e-06 -1.42755555e-05 -1.41780108e-06 -1.33939052e-05
  -1.88806372e-05 -2.26617895e-05  2.05523929e-05  1.93779658e-05
   1.36060108e-05  0.00000000e+00]
 [ 1.94936226e-05  1.73436633e-05  2.29732019e-05  2.39665760e-05
   1.27585276e-05  5.03616202e-06  4.93293856e-06  1.53684378e-05
   1.71934709e-05  1.64040936e-05  4.62872391e-06 -4.84796050e-06
  -1.79423813e-05  3.60155076e-06  4.69858138e-06  1.68337928e-06
  -1.13061745e-05 -2.07622687e-05 -3.92236015e-06 -2.10765625e-05
  -3.02665119e-05 -3.59896969e-05  2.47262757e-05  2.14834698e-05
   1.13039790e-05  0.00000000e+00]
 [ 1.97990000e-05  2.10632734e-05  2.39116297e-05  2.25147817e-05
   8.01646500e-06 -1.45711806e-06  6.84697203e-06  1.79409472e-05
   1.74205729e-05  1.37073868e-05 -2.69834021e-06 -1.47258795e-05
  -2.74167005e-05  2.89141092e-06  1.68337928e-06 -2.44121962e-06
  -2.03211423e-05 -3.21580609e-05 -9.38084389e-06 -2.93932754e-05
  -4.17354813e-05 -4.64485801e-05  2.89659174e-05  2.29113091e-05
   9.83312850e-06  0.00000000e+00]
 [-7.25683067e-07  4.69300504e-06  5.07554044e-06  2.79559366e-07
  -1.42036526e-05 -2.18886115e-05 -2.07899892e-07  6.12814688e-06
   1.57032121e-06 -6.08116716e-06 -2.45212169e-05 -3.58714177e-05
  -3.93232960e-05 -6.06965087e-06 -1.13061745e-05 -2.03211423e-05
  -3.92597076e-05 -5.15730091e-05 -2.12974012e-05 -4.44210926e-05
  -5.78580355e-05 -5.75329435e-05  2.00146899e-05  1.04309950e-05
   1.81190219e-06  0.00000000e+00]
 [-9.45925619e-06 -2.82725916e-06 -4.75684707e-06 -1.15870781e-05
  -2.55594224e-05 -3.27489819e-05 -3.97412154e-06 -2.11958486e-06
  -8.26085990e-06 -1.80385804e-05 -3.64865104e-05 -4.82441553e-05
  -4.54834240e-05 -1.42755555e-05 -2.07622687e-05 -3.21580609e-05
  -5.15730091e-05 -6.13663569e-05 -3.06616824e-05 -5.33045802e-05
  -6.64152000e-05 -6.22063393e-05  1.66375262e-05  6.48409139e-06
  -2.39327872e-06  0.00000000e+00]
 [ 1.16349153e-05  1.40068922e-05  1.61216475e-05  1.38114906e-05
   1.00497062e-06 -6.21367638e-06  2.69120051e-06  1.11585186e-05
   9.73011880e-06  5.76854645e-06 -8.05626828e-06 -1.73362050e-05
  -2.36350860e-05 -1.41780108e-06 -3.92236015e-06 -9.38084389e-06
  -2.12974012e-05 -3.06616824e-05 -1.07364152e-05 -2.75671135e-05
  -3.48774876e-05 -3.57466599e-05  2.30086948e-05  1.49094088e-05
   9.44944823e-06  0.00000000e+00]
 [-6.08917500e-06  6.66812216e-07 -1.75935408e-06 -5.97615359e-06
  -2.00889655e-05 -2.57420588e-05 -5.32116864e-06 -1.10861080e-06
  -7.86571103e-06 -1.48113879e-05 -3.09621205e-05 -3.91352664e-05
  -4.08295332e-05 -1.33939052e-05 -2.10765625e-05 -2.93932754e-05
  -4.44210926e-05 -5.33045802e-05 -2.75671135e-05 -4.66823228e-05
  -5.65330280e-05 -5.25494946e-05  2.00796912e-05  7.10155186e-06
   1.73454464e-06  0.00000000e+00]
 [-2.15189119e-05 -1.14507823e-05 -1.63951423e-05 -2.29458510e-05
  -3.66501936e-05 -4.12292565e-05 -9.84409011e-06 -9.78199984e-06
  -2.00704143e-05 -3.00926377e-05 -4.69103815e-05 -5.47970358e-05
  -4.96667043e-05 -1.88806372e-05 -3.02665119e-05 -4.17354813e-05
  -5.78580355e-05 -6.64152000e-05 -3.48774876e-05 -5.65330280e-05
  -6.47341540e-05 -5.69198524e-05  1.31007794e-05 -2.10223208e-06
  -6.62126343e-06  0.00000000e+00]
 [-3.08577858e-05 -1.75363280e-05 -2.52629971e-05 -3.21423285e-05
  -4.37776782e-05 -4.49174367e-05 -1.37098230e-05 -1.66789653e-05
  -2.91375538e-05 -3.92487951e-05 -5.20290827e-05 -5.49933624e-05
  -4.66661525e-05 -2.26617895e-05 -3.59896969e-05 -4.64485801e-05
  -5.75329435e-05 -6.22063393e-05 -3.57466599e-05 -5.25494946e-05
  -5.69198524e-05 -4.38011351e-05  7.93632142e-06 -1.03207611e-05
  -7.82724317e-06  0.00000000e+00]
 [ 1.47520179e-06  5.83827838e-06  9.85114706e-06  1.04289098e-05
   1.04400516e-05  1.00759315e-05  9.97390574e-06  1.68434123e-05
   2.00152225e-05  2.44252409e-05  1.86469039e-05  1.80354070e-05
   1.03453983e-05  2.05523929e-05  2.47262757e-05  2.89659174e-05
   2.00146899e-05  1.66375262e-05  2.30086948e-05  2.00796912e-05
   1.31007794e-05  7.93632142e-06 -4.58972915e-06 -1.36748070e-05
   2.71131182e-06  0.00000000e+00]
 [-4.45242318e-06  2.45917163e-06  6.37526920e-06  3.22552624e-06
   4.94898526e-06  5.33957765e-06  9.89630109e-06  1.59159635e-05
   1.74215005e-05  1.96900240e-05  1.31609976e-05  1.11738649e-05
   4.99558137e-06  1.93779658e-05  2.14834698e-05  2.29113091e-05
   1.04309950e-05  6.48409139e-06  1.49094088e-05  7.10155186e-06
  -2.10223208e-06 -1.03207611e-05 -1.36748070e-05 -1.31279727e-05
  -6.49222160e-06  0.00000000e+00]
 [ 2.17500323e-06  2.94855287e-06  2.43148192e-06  1.90511612e-06
   2.97124106e-06  3.22311874e-06  9.86210338e-06  1.01591144e-05
   8.62279818e-06  9.66296240e-06  6.13491215e-06  2.75455688e-06
  -1.69037544e-06  1.36060108e-05  1.13039790e-05  9.83312850e-06
   1.81190219e-06 -2.39327872e-06  9.44944823e-06  1.73454464e-06
  -6.62126343e-06 -7.82724317e-06  2.71131182e-06 -6.49222160e-06
   6.89481725e-06  0.00000000e+00]
 [ 0.00000000e+00  0.00000000e+00  0.00000000e+00  0.00000000e+00
   0.00000000e+00  0.00000000e+00  0.00000000e+00  0.00000000e+00
   0.00000000e+00  0.00000000e+00  0.00000000e+00  0.00000000e+00
   0.00000000e+00  0.00000000e+00  0.00000000e+00  0.00000000e+00
   0.00000000e+00  0.00000000e+00  0.00000000e+00  0.00000000e+00
   0.00000000e+00  0.00000000e+00  0.00000000e+00  0.00000000e+00
   0.00000000e+00  1.00000000e-06]]
Trajectoire 3:
Trajectoire avec 5 matrices de covariance
Trajectoire actuelle:
[[ 2.36295819e-05  1.40474192e-05  1.57148481e-05  1.32093465e-05
   1.17085164e-05  8.49344846e-06  1.53087509e-05  9.13126102e-06
   1.00190112e-05  5.11715008e-06  4.02923125e-06  5.67071850e-06
   4.63819715e-06  8.51588639e-06  6.57146803e-06  7.20733442e-07
   5.19281835e-06  8.93161332e-06  1.02133887e-05  6.13012672e-06
   7.14353111e-06  4.21917501e-06  5.97140307e-06  2.20924497e-05
   1.60827695e-06  0.00000000e+00]
 [ 1.40474192e-05  1.10064095e-05  1.13469806e-05  7.81798175e-06
   6.56191642e-06  1.92630447e-06  1.56472603e-05  1.04034788e-05
   1.20717868e-05  6.79532784e-06  4.15578653e-06  2.33395466e-06
  -3.28712252e-08  1.02398488e-05  8.37231268e-06  5.39254653e-06
   6.03867634e-06  6.04159268e-06  9.76417660e-06  7.36272539e-06
   6.64711952e-06  3.59905495e-06 -4.21085979e-06  1.67629550e-05
  -8.89341831e-06  0.00000000e+00]
 [ 1.57148481e-05  1.13469806e-05  1.45069314e-05  9.16340937e-06
   8.20784245e-06  2.68054938e-06  1.72782014e-05  1.13796046e-05
   1.39384806e-05  8.77401155e-06  5.87644241e-06  4.99278449e-06
   2.24882427e-06  1.13444040e-05  1.11277905e-05  7.73184727e-06
   9.60322576e-06  1.05428003e-05  1.30332159e-05  1.04139099e-05
   1.02997644e-05  6.36830643e-06 -3.84834307e-06  1.67708444e-05
  -8.27724453e-06  0.00000000e+00]
 [ 1.32093465e-05  7.81798175e-06  9.16340937e-06  4.87313736e-06
   2.81613630e-06 -2.42847768e-06  1.50171252e-05  5.24076115e-06
   5.49879853e-06  6.22586624e-07 -1.54555681e-06  5.55662968e-07
  -7.38237492e-07  4.28536594e-06  2.40219742e-06 -1.56205269e-06
   2.82179555e-06  6.50000499e-06  7.96095447e-06  3.17014328e-06
   4.78671562e-06  1.86167913e-06 -2.80599729e-06  8.77544407e-06
  -1.01546401e-05  0.00000000e+00]
 [ 1.17085164e-05  6.56191642e-06  8.20784245e-06  2.81613630e-06
   3.73543570e-06 -5.94587644e-07  1.30680088e-05  3.70195856e-06
   4.66272971e-06  5.88915400e-07 -9.70170737e-08  4.45465791e-06
   2.38648154e-06  4.23998367e-06  2.54651929e-06 -4.66166043e-07
   5.49646011e-06  1.03197660e-05  6.99097218e-06  4.20192649e-06
   6.14684099e-06  8.54398617e-07 -2.21109424e-06  6.71516544e-06
  -1.00333040e-05  0.00000000e+00]
 [ 8.49344846e-06  1.92630447e-06  2.68054938e-06 -2.42847768e-06
  -5.94587643e-07 -6.71073069e-07  8.53814900e-06 -8.13975689e-07
  -6.86256087e-07 -4.86455710e-06 -2.94412445e-06  3.23464450e-06
   2.04662692e-06  3.74599274e-07 -2.20660837e-06 -4.47163408e-06
   2.66858893e-06  8.53957549e-06  3.36691708e-06  1.32690582e-06
   3.91357699e-06 -1.31169388e-06  1.31607037e-07  5.79895261e-06
  -7.27041462e-06  0.00000000e+00]
 [ 1.53087509e-05  1.56472603e-05  1.72782014e-05  1.50171252e-05
   1.30680088e-05  8.53814900e-06  2.09529254e-05  2.05887422e-05
   2.28969638e-05  1.83498910e-05  1.54484655e-05  1.05723327e-05
   3.64038705e-06  2.18554706e-05  2.01424665e-05  1.97986389e-05
   1.62619270e-05  1.16804922e-05  1.71912466e-05  1.91353878e-05
   1.44116451e-05  1.12180028e-05 -6.09290580e-06  1.18735726e-05
  -1.30510493e-05  0.00000000e+00]
 [ 9.13126102e-06  1.04034788e-05  1.13796046e-05  5.24076115e-06
   3.70195856e-06 -8.13975689e-07  2.05887422e-05  1.83188980e-05
   1.73283391e-05  1.01210226e-05  5.95928984e-06  3.10646023e-06
  -1.49407985e-07  1.81532894e-05  1.55658670e-05  1.21897684e-05
   9.23141758e-06  6.29911323e-06  1.37929052e-05  1.25510699e-05
   7.45253242e-06  4.37097407e-06 -6.46796772e-06  9.13635761e-06
  -1.72251754e-05  0.00000000e+00]
 [ 1.00190112e-05  1.20717868e-05  1.39384806e-05  5.49879853e-06
   4.66272971e-06 -6.86256087e-07  2.28969638e-05  1.73283391e-05
   1.88277358e-05  1.14435443e-05  7.18930394e-06  6.46557866e-06
   3.95289814e-06  1.78161944e-05  1.76527835e-05  1.30279324e-05
   1.33720478e-05  1.28087480e-05  1.87507706e-05  1.44828900e-05
   1.17728969e-05  6.86956317e-06 -7.59431854e-06  8.79688099e-06
  -1.78853008e-05  0.00000000e+00]
 [ 5.11715008e-06  6.79532784e-06  8.77401156e-06  6.22586625e-07
   5.88915400e-07 -4.86455710e-06  1.83498910e-05  1.01210226e-05
   1.14435443e-05  6.36864871e-06  3.05210710e-06  3.73432578e-06
   9.69193259e-07  1.10836809e-05  9.99453439e-06  6.39651265e-06
   9.28986074e-06  1.08535367e-05  1.30694365e-05  9.78023779e-06
   9.30033662e-06  4.50520279e-06 -9.17093682e-06  2.44122342e-06
  -1.94997668e-05  0.00000000e+00]
 [ 4.02923125e-06  4.15578653e-06  5.87644241e-06 -1.54555681e-06
  -9.70170740e-08 -2.94412445e-06  1.54484655e-05  5.95928984e-06
   7.18930394e-06  3.05210710e-06  4.70667630e-06  8.06600595e-06
   4.61277244e-06  7.91351765e-06  7.35720666e-06  5.70710140e-06
   1.20737685e-05  1.62909319e-05  1.11843604e-05  1.04356560e-05
   1.18724840e-05  3.81954794e-06 -5.57187689e-06  2.89350409e-07
  -1.69556456e-05  0.00000000e+00]
 [ 5.67071850e-06  2.33395466e-06  4.99278449e-06  5.55662968e-07
   4.45465791e-06  3.23464450e-06  1.05723327e-05  3.10646023e-06
   6.46557866e-06  3.73432578e-06  8.06600595e-06  1.25386592e-05
   7.82914716e-06  5.41103464e-06  5.06039405e-06  5.32955110e-06
   1.25271790e-05  1.66151434e-05  5.80622250e-06  8.83789143e-06
   1.05043259e-05 -3.39016677e-09 -2.36588394e-06  8.43980614e-07
  -9.86513425e-06  0.00000000e+00]
 [ 4.63819715e-06 -3.28712254e-08  2.24882427e-06 -7.38237491e-07
   2.38648154e-06  2.04662692e-06  3.64038705e-06 -1.49407985e-07
   3.95289814e-06  9.69193259e-07  4.61277244e-06  7.82914716e-06
   8.22450424e-06  1.71024988e-06  1.72242015e-06  2.93910347e-06
   8.16559471e-06  1.19957728e-05  2.29829697e-06  5.48178332e-06
   7.03229923e-06 -2.11822697e-06  1.37699533e-07  4.72019544e-06
  -2.16696880e-06  0.00000000e+00]
 [ 8.51588639e-06  1.02398488e-05  1.13444040e-05  4.28536594e-06
   4.23998367e-06  3.74599274e-07  2.18554706e-05  1.81532894e-05
   1.78161944e-05  1.10836809e-05  7.91351765e-06  5.41103464e-06
   1.71024988e-06  1.95759135e-05  1.71172471e-05  1.39186536e-05
   1.10402663e-05  7.66301621e-06  1.33534819e-05  1.26218096e-05
   6.56292474e-06  1.59002545e-06 -5.80023928e-06  4.58941082e-06
  -1.85499872e-05  0.00000000e+00]
 [ 6.57146803e-06  8.37231268e-06  1.11277905e-05  2.40219742e-06
   2.54651929e-06 -2.20660837e-06  2.01424665e-05  1.55658670e-05
   1.76527835e-05  9.99453439e-06  7.35720666e-06  5.06039405e-06
   1.72242015e-06  1.71172471e-05  1.83318476e-05  1.35096145e-05
   1.24973647e-05  1.01935966e-05  1.49038731e-05  1.42786358e-05
   9.02516826e-06  2.91286387e-06 -6.52037537e-06  5.10512012e-06
  -1.91399909e-05  0.00000000e+00]
 [ 7.20733442e-07  5.39254653e-06  7.73184727e-06 -1.56205269e-06
  -4.66166044e-07 -4.47163407e-06  1.97986389e-05  1.21897684e-05
   1.30279324e-05  6.39651265e-06  5.70710140e-06  5.32955110e-06
   2.93910347e-06  1.39186536e-05  1.35096145e-05  1.03998961e-05
   1.15894393e-05  1.16885885e-05  1.33025571e-05  1.18031249e-05
   8.74259887e-06  1.44093734e-06 -7.99801636e-06 -3.53930560e-06
  -2.24581435e-05  0.00000000e+00]
 [ 5.19281835e-06  6.03867634e-06  9.60322576e-06  2.82179555e-06
   5.49646011e-06  2.66858893e-06  1.62619270e-05  9.23141758e-06
   1.33720478e-05  9.28986074e-06  1.20737685e-05  1.25271790e-05
   8.16559471e-06  1.10402663e-05  1.24973647e-05  1.15894393e-05
   1.86741524e-05  1.92693019e-05  1.16453535e-05  1.52323824e-05
   1.46910750e-05  4.25053792e-06 -3.24587974e-06  2.97539606e-06
  -1.22961835e-05  0.00000000e+00]
 [ 8.93161332e-06  6.04159268e-06  1.05428003e-05  6.50000499e-06
   1.03197660e-05  8.53957549e-06  1.16804922e-05  6.29911323e-06
   1.28087480e-05  1.08535367e-05  1.62909319e-05  1.66151434e-05
   1.19957728e-05  7.66301621e-06  1.01935966e-05  1.16885885e-05
   1.92693019e-05  2.24168499e-05  7.16472939e-06  1.46419801e-05
   1.51927631e-05  2.33286790e-06  1.67773957e-06  6.51312411e-06
  -3.72600150e-06  0.00000000e+00]
 [ 1.02133887e-05  9.76417660e-06  1.30332159e-05  7.96095447e-06
   6.99097218e-06  3.36691708e-06  1.71912466e-05  1.37929052e-05
   1.87507706e-05  1.30694365e-05  1.11843604e-05  5.80622250e-06
   2.29829697e-06  1.33534819e-05  1.49038731e-05  1.33025571e-05
   1.16453535e-05  7.16472939e-06  5.80086649e-06  1.30852441e-05
   6.27641099e-06 -3.17016121e-07  4.90063772e-07  6.62307781e-06
  -1.09475025e-05  0.00000000e+00]
 [ 6.13012672e-06  7.36272539e-06  1.04139099e-05  3.17014328e-06
   4.20192649e-06  1.32690582e-06  1.91353878e-05  1.25510699e-05
   1.44828900e-05  9.78023779e-06  1.04356560e-05  8.83789143e-06
   5.48178332e-06  1.26218096e-05  1.42786358e-05  1.18031249e-05
   1.52323824e-05  1.46419801e-05  1.30852441e-05  1.58676201e-05
   1.20820190e-05  2.99067044e-06 -1.75535292e-06 -2.10019546e-06
  -1.67395021e-05  0.00000000e+00]
 [ 7.14353111e-06  6.64711952e-06  1.02997644e-05  4.78671562e-06
   6.14684099e-06  3.91357699e-06  1.44116451e-05  7.45253242e-06
   1.17728969e-05  9.30033662e-06  1.18724840e-05  1.05043259e-05
   7.03229923e-06  6.56292474e-06  9.02516826e-06  8.74259887e-06
   1.46910750e-05  1.51927631e-05  6.27641099e-06  1.20820190e-05
   1.21625891e-05  5.16725226e-07  3.46647990e-06  6.91835455e-07
  -8.71284304e-06  0.00000000e+00]
 [ 4.21917501e-06  3.59905495e-06  6.36830643e-06  1.86167912e-06
   8.54398617e-07 -1.31169388e-06  1.12180028e-05  4.37097407e-06
   6.86956317e-06  4.50520279e-06  3.81954794e-06 -3.39016680e-09
  -2.11822697e-06  1.59002545e-06  2.91286387e-06  1.44093734e-06
   4.25053792e-06  2.33286790e-06 -3.17016121e-07  2.99067044e-06
   5.16725226e-07 -6.23486535e-06  3.86685977e-06 -5.55643660e-06
  -1.14829764e-05  0.00000000e+00]
 [ 5.97140307e-06 -4.21085979e-06 -3.84834307e-06 -2.80599729e-06
  -2.21109424e-06  1.31607037e-07 -6.09290580e-06 -6.46796772e-06
  -7.59431854e-06 -9.17093682e-06 -5.57187689e-06 -2.36588394e-06
   1.37699533e-07 -5.80023928e-06 -6.52037537e-06 -7.99801636e-06
  -3.24587974e-06  1.67773957e-06  4.90063772e-07 -1.75535292e-06
   3.46647990e-06  3.86685977e-06  1.20445637e-05  2.97639720e-05
   1.18228283e-05  0.00000000e+00]
 [ 2.20924497e-05  1.67629550e-05  1.67708444e-05  8.77544407e-06
   6.71516544e-06  5.79895261e-06  1.18735726e-05  9.13635761e-06
   8.79688099e-06  2.44122342e-06  2.89350408e-07  8.43980614e-07
   4.72019544e-06  4.58941082e-06  5.10512012e-06 -3.53930560e-06
   2.97539606e-06  6.51312411e-06  6.62307781e-06 -2.10019546e-06
   6.91835455e-07 -5.55643660e-06  2.97639720e-05  7.86291342e-05
   2.67681435e-05  0.00000000e+00]
 [ 1.60827695e-06 -8.89341831e-06 -8.27724453e-06 -1.01546401e-05
  -1.00333040e-05 -7.27041462e-06 -1.30510493e-05 -1.72251754e-05
  -1.78853008e-05 -1.94997668e-05 -1.69556456e-05 -9.86513425e-06
  -2.16696880e-06 -1.85499872e-05 -1.91399909e-05 -2.24581435e-05
  -1.22961835e-05 -3.72600150e-06 -1.09475025e-05 -1.67395021e-05
  -8.71284304e-06 -1.14829764e-05  1.18228283e-05  2.67681435e-05
   1.90280510e-05  0.00000000e+00]
 [ 0.00000000e+00  0.00000000e+00  0.00000000e+00  0.00000000e+00
   0.00000000e+00  0.00000000e+00  0.00000000e+00  0.00000000e+00
   0.00000000e+00  0.00000000e+00  0.00000000e+00  0.00000000e+00
   0.00000000e+00  0.00000000e+00  0.00000000e+00  0.00000000e+00
   0.00000000e+00  0.00000000e+00  0.00000000e+00  0.00000000e+00
   0.00000000e+00  0.00000000e+00  0.00000000e+00  0.00000000e+00
   0.00000000e+00  1.00000000e-06]]
Trajectoire 4:
Trajectoire avec 3 matrices de covariance
Trajectoire actuelle:
[[-3.73116339e-05 -4.97731147e-05 -4.72655922e-05 -3.81647514e-05
  -3.24386265e-05 -3.03849451e-05 -3.98120099e-05 -4.32866672e-05
  -3.32035474e-05 -2.84780234e-05 -2.36629445e-05 -2.44446161e-05
  -2.23541200e-05 -3.50035631e-05 -3.25880223e-05 -2.49115249e-05
  -2.21849914e-05 -2.61094808e-05 -3.01598231e-05 -2.83722088e-05
  -2.79369608e-05 -3.69658678e-05 -7.87381442e-06 -3.25890193e-06
   2.47106795e-05 -5.12189192e-05]
 [-4.97731147e-05 -5.93344391e-05 -6.15861086e-05 -5.43852298e-05
  -4.56708729e-05 -3.97754506e-05 -4.43014996e-05 -5.26447758e-05
  -4.73353405e-05 -4.60392809e-05 -3.79794747e-05 -3.38871755e-05
  -2.51384857e-05 -4.14421740e-05 -4.26600071e-05 -3.67728589e-05
  -3.30942965e-05 -3.25888461e-05 -3.78478416e-05 -3.65093502e-05
  -3.39615874e-05 -4.19248743e-05 -9.18846894e-06 -1.10484029e-05
   1.54699643e-05 -2.94190239e-05]
 [-4.72655922e-05 -6.15861086e-05 -5.85122407e-05 -5.03596561e-05
  -4.19850880e-05 -3.78450824e-05 -4.99653265e-05 -5.54126654e-05
  -4.72559589e-05 -4.31019411e-05 -3.48862775e-05 -3.30211625e-05
  -2.74650598e-05 -4.55104689e-05 -4.42453205e-05 -3.63586625e-05
  -3.32125897e-05 -3.39625894e-05 -4.32505881e-05 -3.88135060e-05
  -3.71853545e-05 -4.73116917e-05 -1.04049946e-05 -1.20836231e-05
   1.72664476e-05 -1.03687916e-04]
 [-3.81647514e-05 -5.43852298e-05 -5.03596561e-05 -3.91442197e-05
  -3.20183968e-05 -2.89348802e-05 -4.78004883e-05 -4.86926496e-05
  -3.74149020e-05 -3.31843089e-05 -2.51319193e-05 -2.56312445e-05
  -2.28779274e-05 -3.86278493e-05 -3.67374397e-05 -2.82193654e-05
  -2.54316547e-05 -2.78662921e-05 -3.75984625e-05 -3.19420602e-05
  -3.07925918e-05 -4.14435965e-05 -1.27642496e-05 -5.58044143e-06
   2.07612132e-05 -7.94764142e-05]
 [-3.24386265e-05 -4.56708729e-05 -4.19850880e-05 -3.20183968e-05
  -2.72480555e-05 -2.81878371e-05 -4.15395321e-05 -4.06850832e-05
  -2.87723341e-05 -2.50776167e-05 -1.99592438e-05 -2.31939605e-05
  -2.19487133e-05 -3.01413709e-05 -2.86938220e-05 -2.05292114e-05
  -1.97827647e-05 -2.39514071e-05 -2.93873451e-05 -2.34223787e-05
  -2.36898914e-05 -3.14391420e-05 -1.30999709e-05 -4.82262444e-06
   1.62114514e-05 -4.96619043e-05]
 [-3.03849451e-05 -3.97754506e-05 -3.78450824e-05 -2.89348802e-05
  -2.81878371e-05 -2.80199908e-05 -3.71256208e-05 -3.53181624e-05
  -2.42870330e-05 -2.25462753e-05 -1.94725115e-05 -2.28111067e-05
  -2.08767517e-05 -2.35787875e-05 -2.41860014e-05 -1.77402435e-05
  -1.79131471e-05 -2.19748302e-05 -2.44834059e-05 -1.91962914e-05
  -1.99196880e-05 -2.44429374e-05 -1.68222268e-05 -5.89170786e-06
   9.63227958e-06  2.94294283e-05]
 [-3.98120099e-05 -4.43014996e-05 -4.99653265e-05 -4.78004883e-05
  -4.15395321e-05 -3.71256208e-05 -2.72258561e-05 -4.08655511e-05
  -4.18143714e-05 -4.23078249e-05 -3.72235624e-05 -3.17260271e-05
  -2.35716743e-05 -3.49411433e-05 -3.72900088e-05 -3.51294147e-05
  -3.28766343e-05 -3.10297100e-05 -3.16099333e-05 -3.81283345e-05
  -3.62029388e-05 -4.40792324e-05 -1.34596848e-06 -1.69872999e-05
   2.92250870e-06 -1.67939695e-07]
 [-4.32866672e-05 -5.26447758e-05 -5.54126654e-05 -4.86926496e-05
  -4.06850832e-05 -3.53181624e-05 -4.08655511e-05 -4.62522355e-05
  -4.31621390e-05 -4.27275564e-05 -3.45083244e-05 -3.01248228e-05
  -2.29684800e-05 -3.63184709e-05 -3.86753349e-05 -3.30607104e-05
  -3.07770669e-05 -2.90221788e-05 -3.60171995e-05 -3.46756459e-05
  -3.25694352e-05 -4.18245109e-05 -8.60904689e-06 -1.46973445e-05
   8.55578781e-06 -3.81710187e-05]
 [-3.32035474e-05 -4.73353405e-05 -4.72559589e-05 -3.74149020e-05
  -2.87723341e-05 -2.42870330e-05 -4.18143714e-05 -4.31621390e-05
  -3.34903412e-05 -3.32348566e-05 -2.29620053e-05 -2.20830000e-05
  -1.77486949e-05 -3.26201419e-05 -3.34779576e-05 -2.55837075e-05
  -2.36728361e-05 -2.35797609e-05 -3.51218334e-05 -2.94274297e-05
  -2.79008611e-05 -3.94667219e-05 -9.56054579e-06 -6.27320406e-06
   1.50048185e-05 -1.30514503e-04]
 [-2.84780234e-05 -4.60392809e-05 -4.31019411e-05 -3.31843089e-05
  -2.50776167e-05 -2.25462753e-05 -4.23078249e-05 -4.27275564e-05
  -3.32348566e-05 -2.96070647e-05 -2.12233673e-05 -2.19748850e-05
  -1.86278921e-05 -3.38009450e-05 -3.28037778e-05 -2.52038571e-05
  -2.34942000e-05 -2.46782330e-05 -3.67451359e-05 -3.04860706e-05
  -2.92771396e-05 -4.16701138e-05 -1.07711181e-05 -8.20729072e-06
   1.35215184e-05 -1.51411663e-04]
 [-2.36629445e-05 -3.79794747e-05 -3.48862775e-05 -2.51319193e-05
  -1.99592438e-05 -1.94725115e-05 -3.72235624e-05 -3.45083244e-05
  -2.29620053e-05 -2.12233673e-05 -1.28831063e-05 -1.73675319e-05
  -1.63244172e-05 -2.38643799e-05 -2.35106178e-05 -1.57327614e-05
  -1.52975719e-05 -1.83639904e-05 -2.57399950e-05 -1.90657171e-05
  -1.88953780e-05 -2.71468425e-05 -1.21523610e-05 -4.60458507e-06
   1.12325693e-05 -7.27387473e-05]
 [-2.44446161e-05 -3.38871755e-05 -3.30211625e-05 -2.56312445e-05
  -2.31939605e-05 -2.28111067e-05 -3.17260271e-05 -3.01248228e-05
  -2.20830000e-05 -2.19748850e-05 -1.73675319e-05 -1.69191059e-05
  -1.52925389e-05 -1.88064947e-05 -2.05315822e-05 -1.55803071e-05
  -1.51427041e-05 -1.64433333e-05 -1.91132863e-05 -1.66815576e-05
  -1.63941594e-05 -2.12954988e-05 -1.45320653e-05 -1.12704362e-05
   2.51412281e-06 -1.07454798e-06]
 [-2.23541200e-05 -2.51384857e-05 -2.74650598e-05 -2.28779274e-05
  -2.19487133e-05 -2.08767517e-05 -2.35716743e-05 -2.29684800e-05
  -1.77486949e-05 -1.86278921e-05 -1.63244172e-05 -1.52925389e-05
  -1.41179941e-05 -1.43618856e-05 -1.73534884e-05 -1.40039068e-05
  -1.34010480e-05 -1.45841918e-05 -1.39346422e-05 -1.62811738e-05
  -1.59406918e-05 -1.95248887e-05 -1.27666172e-05 -1.43420331e-05
  -3.88235992e-06  2.95768378e-05]
 [-3.50035631e-05 -4.14421740e-05 -4.55104689e-05 -3.86278493e-05
  -3.01413709e-05 -2.35787875e-05 -3.49411433e-05 -3.63184709e-05
  -3.26201419e-05 -3.38009450e-05 -2.38643799e-05 -1.88064947e-05
  -1.43618856e-05 -2.43837894e-05 -2.93848344e-05 -2.25986364e-05
  -2.09592743e-05 -1.72454600e-05 -2.96063353e-05 -2.47607776e-05
  -2.21641574e-05 -3.18563543e-05 -1.01433730e-05 -1.24685821e-05
   3.92578283e-06 -2.49618234e-05]
 [-3.25880223e-05 -4.26600071e-05 -4.42453205e-05 -3.67374397e-05
  -2.86938220e-05 -2.41860014e-05 -3.72900088e-05 -3.86753349e-05
  -3.34779576e-05 -3.28037778e-05 -2.35106178e-05 -2.05315822e-05
  -1.73534884e-05 -2.93848344e-05 -3.06704485e-05 -2.44073508e-05
  -2.26536019e-05 -2.07046789e-05 -3.40231041e-05 -2.91173580e-05
  -2.68529679e-05 -3.91175970e-05 -1.00604317e-05 -1.49406295e-05
   4.98709592e-06 -1.16851231e-04]
 [-2.49115249e-05 -3.67728590e-05 -3.63586625e-05 -2.82193654e-05
  -2.05292114e-05 -1.77402435e-05 -3.51294147e-05 -3.30607104e-05
  -2.55837075e-05 -2.52038571e-05 -1.57327614e-05 -1.55803071e-05
  -1.40039068e-05 -2.25986364e-05 -2.44073508e-05 -1.59413340e-05
  -1.62814088e-05 -1.59177769e-05 -2.86378641e-05 -2.13860745e-05
  -1.97418355e-05 -3.08219135e-05 -1.26899275e-05 -1.18203026e-05
   5.10636933e-06 -1.15267962e-04]
 [-2.21849914e-05 -3.30942965e-05 -3.32125897e-05 -2.54316547e-05
  -1.97827647e-05 -1.79131471e-05 -3.28766343e-05 -3.07770669e-05
  -2.36728361e-05 -2.34942000e-05 -1.52975719e-05 -1.51427041e-05
  -1.34010480e-05 -2.09592743e-05 -2.26536019e-05 -1.62814088e-05
  -1.43470313e-05 -1.52874531e-05 -2.34735516e-05 -1.96554918e-05
  -1.85212543e-05 -2.68262183e-05 -1.19373363e-05 -1.07013752e-05
   2.89785676e-06 -1.27688377e-04]
 [-2.61094808e-05 -3.25888461e-05 -3.39625894e-05 -2.78662921e-05
  -2.39514071e-05 -2.19748302e-05 -3.10297100e-05 -2.90221788e-05
  -2.35797609e-05 -2.46782330e-05 -1.83639904e-05 -1.64433333e-05
  -1.45841918e-05 -1.72454600e-05 -2.07046789e-05 -1.59177769e-05
  -1.52874531e-05 -1.35721746e-05 -1.77968753e-05 -1.66571454e-05
  -1.57304336e-05 -2.00171190e-05 -1.43146965e-05 -1.72118188e-05
  -3.17610229e-06 -6.65206437e-05]
 [-3.01598231e-05 -3.78478417e-05 -4.32505881e-05 -3.75984625e-05
  -2.93873451e-05 -2.44834059e-05 -3.16099333e-05 -3.60171995e-05
  -3.51218334e-05 -3.67451359e-05 -2.57399950e-05 -1.91132863e-05
  -1.39346422e-05 -2.96063353e-05 -3.40231041e-05 -2.86378641e-05
  -2.34735516e-05 -1.77968753e-05 -2.49974571e-05 -3.30766126e-05
  -2.82984226e-05 -4.33700905e-05 -6.02530207e-06 -1.51893855e-05
   1.59561865e-06 -2.30091487e-04]
 [-2.83722088e-05 -3.65093502e-05 -3.88135060e-05 -3.19420602e-05
  -2.34223787e-05 -1.91962914e-05 -3.81283345e-05 -3.46756459e-05
  -2.94274297e-05 -3.04860706e-05 -1.90657171e-05 -1.66815576e-05
  -1.62811738e-05 -2.47607776e-05 -2.91173580e-05 -2.13860745e-05
  -1.96554918e-05 -1.66571454e-05 -3.30766126e-05 -2.45952933e-05
  -2.30813595e-05 -3.32609311e-05 -1.52633380e-05 -1.70421924e-05
  -1.62785811e-06 -1.21592896e-04]
 [-2.79369608e-05 -3.39615874e-05 -3.71853545e-05 -3.07925918e-05
  -2.36898914e-05 -1.99196880e-05 -3.62029388e-05 -3.25694352e-05
  -2.79008611e-05 -2.92771396e-05 -1.88953780e-05 -1.63941594e-05
  -1.59406918e-05 -2.21641574e-05 -2.68529679e-05 -1.97418355e-05
  -1.85212543e-05 -1.57304336e-05 -2.82984226e-05 -2.30813595e-05
  -1.98635837e-05 -2.82978318e-05 -1.58288697e-05 -1.81069201e-05
  -3.98852928e-06 -1.36065257e-04]
 [-3.69658678e-05 -4.19248743e-05 -4.73116917e-05 -4.14435965e-05
  -3.14391420e-05 -2.44429374e-05 -4.40792324e-05 -4.18245109e-05
  -3.94667219e-05 -4.16701138e-05 -2.71468425e-05 -2.12954988e-05
  -1.95248887e-05 -3.18563543e-05 -3.91175970e-05 -3.08219135e-05
  -2.68262183e-05 -2.00171190e-05 -4.33700905e-05 -3.32609311e-05
  -2.82978318e-05 -3.65651311e-05 -1.91049888e-05 -2.28244596e-05
  -7.06885489e-06 -1.29956364e-04]
 [-7.87381442e-06 -9.18846894e-06 -1.04049946e-05 -1.27642496e-05
  -1.30999709e-05 -1.68222268e-05 -1.34596848e-06 -8.60904689e-06
  -9.56054579e-06 -1.07711181e-05 -1.21523610e-05 -1.45320653e-05
  -1.27666172e-05 -1.01433730e-05 -1.00604317e-05 -1.26899275e-05
  -1.19373363e-05 -1.43146965e-05 -6.02530207e-06 -1.52633380e-05
  -1.58288697e-05 -1.91049888e-05  2.31976437e-06 -4.38294588e-06
  -2.86056517e-06  8.06917808e-05]
 [-3.25890193e-06 -1.10484029e-05 -1.20836231e-05 -5.58044143e-06
  -4.82262444e-06 -5.89170786e-06 -1.69872999e-05 -1.46973445e-05
  -6.27320406e-06 -8.20729072e-06 -4.60458507e-06 -1.12704362e-05
  -1.43420331e-05 -1.24685821e-05 -1.49406295e-05 -1.18203026e-05
  -1.07013752e-05 -1.72118188e-05 -1.51893855e-05 -1.70421924e-05
  -1.81069201e-05 -2.28244596e-05 -4.38294588e-06  1.10301623e-05
   1.15229849e-05 -3.32722757e-05]
 [ 2.47106795e-05  1.54699643e-05  1.72664476e-05  2.07612132e-05
   1.62114514e-05  9.63227958e-06  2.92250870e-06  8.55578781e-06
   1.50048185e-05  1.35215184e-05  1.12325693e-05  2.51412281e-06
  -3.88235992e-06  3.92578283e-06  4.98709592e-06  5.10636933e-06
   2.89785676e-06 -3.17610229e-06  1.59561865e-06 -1.62785811e-06
  -3.98852928e-06 -7.06885489e-06 -2.86056517e-06  1.15229849e-05
   2.15452797e-06 -1.04302031e-05]
 [-5.12189192e-05 -2.94190239e-05 -1.03687916e-04 -7.94764142e-05
  -4.96619043e-05  2.94294283e-05 -1.67939695e-07 -3.81710187e-05
  -1.30514503e-04 -1.51411663e-04 -7.27387473e-05 -1.07454798e-06
   2.95768378e-05 -2.49618234e-05 -1.16851231e-04 -1.15267962e-04
  -1.27688377e-04 -6.65206437e-05 -2.30091487e-04 -1.21592896e-04
  -1.36065257e-04 -1.29956364e-04  8.06917808e-05 -3.32722757e-05
  -1.04302031e-05 -1.04324321e+01]]

Error in tangent_space_projection: Matrices must be positive definite
Error in tangent_space_projection: Matrices must be positive definite
Error in tangent_space_projection: Matrices must be positive definite
Error in tangent_space_projection: Matrices must be positive definite
Error in tangent_space_projection: Matrices must be positive definite
Error in tangent_space_projection: Matrices must be positive definite
Error in tangent_space_projection: Matrices must be positive definite
Error in tangent_space_projection: Matrices must be positive definite
Error in tangent_space_projection: Matrices must be positive definite
Error in tangent_space_projection: Matrices must be positive definite
Error in tangent_space_projection: Matrices must be positive definite
Error in tangent_space_projection: Matrices must be positive definite
Error in tangent_space_projection: Matrices must be positive definite
Error in tangent_space_projection: Matrices must be positive definite
Après ajout des nouvelles données 5:
Trajectoire 1:
Trajectoire avec 1 matrices de covariance
Trajectoire actuelle:
[[ 1.00007210e-06  5.61958032e-11  6.59395347e-11  7.06734433e-11
   7.12646915e-11  6.28776645e-11  3.29253880e-11  4.64870483e-11
   5.77384588e-11  6.47854020e-11  6.43808076e-11  5.43531324e-11
   4.05545570e-11  3.60014994e-11  4.74584233e-11  5.10828826e-11
   4.81310953e-11  4.54709395e-11  2.98020127e-11  3.21268974e-11
   2.86230496e-11  1.37214526e-11  1.81822716e-11  4.92915723e-11
   2.73272015e-11  0.00000000e+00]
 [ 5.61958032e-11  1.00005891e-06  6.17693929e-11  6.27197937e-11
   5.73063470e-11  4.93546301e-11  3.76354101e-11  5.43983045e-11
   5.91418748e-11  6.43949558e-11  5.63536567e-11  4.72107842e-11
   2.93050714e-11  4.76432232e-11  5.25795392e-11  5.68833080e-11
   5.00608013e-11  4.28045340e-11  4.11861065e-11  4.19909007e-11
   3.74942103e-11  2.89921281e-11  1.12219410e-11  3.35733607e-11
   7.95978541e-12  0.00000000e+00]
 [ 6.59395347e-11  6.17693929e-11  1.00007093e-06  7.17470963e-11
   6.93155920e-11  5.81232584e-11  4.04247469e-11  5.71134088e-11
   6.75979055e-11  7.31629373e-11  6.80848080e-11  5.52375455e-11
   3.81381031e-11  4.94122342e-11  5.96539182e-11  6.30766564e-11
   5.79708392e-11  5.02973335e-11  4.39966933e-11  4.57162955e-11
   4.12519818e-11  2.96750606e-11  1.11946683e-11  3.64602985e-11
   1.15199066e-11  0.00000000e+00]
 [ 7.06734433e-11  6.27197937e-11  7.17470963e-11  1.00008013e-06
   7.54348345e-11  6.71432259e-11  3.86881506e-11  5.74798643e-11
   6.73955160e-11  7.75757401e-11  7.18598044e-11  6.16268084e-11
   4.26138514e-11  4.79025391e-11  5.80689252e-11  6.43113755e-11
   5.94629102e-11  5.26707434e-11  4.11583058e-11  4.37011694e-11
   3.96408743e-11  2.53404525e-11  1.32212149e-11  3.46125757e-11
   1.84574343e-11  0.00000000e+00]
 [ 7.12646915e-11  5.73063470e-11  6.93155920e-11  7.54348345e-11
   1.00007798e-06  6.95843967e-11  3.67675718e-11  5.19287204e-11
   6.45787550e-11  7.36337712e-11  7.38925542e-11  6.33662088e-11
   4.74269874e-11  4.23984709e-11  5.57751301e-11  6.02685232e-11
   5.80383862e-11  5.40464891e-11  3.71723979e-11  4.01245035e-11
   3.65258714e-11  2.01996360e-11  1.40171896e-11  4.03926865e-11
   2.22242726e-11  0.00000000e+00]
 [ 6.28776645e-11  4.93546301e-11  5.81232584e-11  6.71432259e-11
   6.95843967e-11  1.00006876e-06  3.02209401e-11  4.49239702e-11
   5.37619576e-11  6.43657475e-11  6.58285454e-11  6.27495663e-11
   4.91912895e-11  3.65542734e-11  4.68070966e-11  5.34784684e-11
   5.24518167e-11  5.25495984e-11  3.21563831e-11  3.54080865e-11
   3.35342164e-11  1.75330943e-11  1.50568681e-11  4.08414620e-11
   2.98144186e-11  0.00000000e+00]
 [ 3.29253880e-11  3.76354101e-11  4.04247469e-11  3.86881506e-11
   3.67675718e-11  3.02209401e-11  1.00003523e-06  4.04684615e-11
   4.25461076e-11  4.17785747e-11  3.80833020e-11  3.10060885e-11
   2.19070521e-11  3.82956746e-11  4.04730496e-11  3.89790341e-11
   3.62588483e-11  3.03608771e-11  3.46054871e-11  3.35600514e-11
   3.06376126e-11  2.74742316e-11  7.09354658e-12  9.52813117e-12
  -1.40339136e-12  0.00000000e+00]
 [ 4.64870483e-11  5.43983045e-11  5.71134088e-11  5.74798643e-11
   5.19287204e-11  4.49239702e-11  4.04684615e-11  1.00005693e-06
   5.97451176e-11  6.38823384e-11  5.48220324e-11  4.64878158e-11
   2.86577308e-11  5.35831416e-11  5.66416665e-11  6.00395414e-11
   5.30000311e-11  4.43071323e-11  4.82485647e-11  4.80180636e-11
   4.34025601e-11  3.76145922e-11  6.18104476e-12  2.02778026e-11
  -5.06902442e-13  0.00000000e+00]
 [ 5.77384588e-11  5.91418748e-11  6.75979055e-11  6.73955160e-11
   6.45787550e-11  5.37619576e-11  4.25461076e-11  5.97451176e-11
   1.00006935e-06  7.41039903e-11  6.75487133e-11  5.50432695e-11
   3.71997911e-11  5.53087312e-11  6.43712541e-11  6.75040069e-11
   6.15283238e-11  5.24014787e-11  5.11848081e-11  5.22246901e-11
   4.73382940e-11  3.80908870e-11  7.65528384e-12  2.66704942e-11
   4.81240305e-12  0.00000000e+00]
 [ 6.47854020e-11  6.43949558e-11  7.31629373e-11  7.75757401e-11
   7.36337712e-11  6.43657475e-11  4.17785747e-11  6.38823384e-11
   7.41039903e-11  1.00008488e-06  7.62245912e-11  6.50383498e-11
   4.29640630e-11  5.77908567e-11  6.80216980e-11  7.56787393e-11
   6.86398845e-11  5.97526546e-11  5.27308257e-11  5.53504370e-11
   5.03677488e-11  3.73923288e-11  9.72486156e-12  3.21411531e-11
   9.88236829e-12  0.00000000e+00]
 [ 6.43808076e-11  5.63536567e-11  6.80848080e-11  7.18598044e-11
   7.38925542e-11  6.58285454e-11  3.80833020e-11  5.48220324e-11
   6.75487133e-11  7.62245912e-11  1.00007574e-06  6.60965390e-11
   4.89085837e-11  4.83240614e-11  6.16174691e-11  6.73118345e-11
   6.49554677e-11  6.04214978e-11  4.53577573e-11  4.88649835e-11
   4.58300061e-11  3.04008839e-11  1.03101719e-11  3.50291004e-11
   1.68668055e-11  0.00000000e+00]
 [ 5.43531324e-11  4.72107842e-11  5.52375455e-11  6.16268084e-11
   6.33662088e-11  6.27495663e-11  3.10060885e-11  4.64878158e-11
   5.50432695e-11  6.50383498e-11  6.60965390e-11  1.00006612e-06
   5.17973111e-11  4.12521672e-11  5.14064964e-11  5.94593433e-11
   5.95431739e-11  6.06233804e-11  4.00547345e-11  4.47437539e-11
   4.44972266e-11  2.90365844e-11  1.11697859e-11  3.08203222e-11
   2.05026625e-11  0.00000000e+00]
 [ 4.05545570e-11  2.93050714e-11  3.81381031e-11  4.26138514e-11
   4.74269874e-11  4.91912895e-11  2.19070521e-11  2.86577308e-11
   3.71997911e-11  4.29640630e-11  4.89085837e-11  5.17973111e-11
   1.00005111e-06  2.41340451e-11  3.45620116e-11  3.89467382e-11
   4.34276052e-11  4.89096351e-11  2.63933146e-11  3.09109648e-11
   3.32384173e-11  2.01594800e-11  1.27226826e-11  2.40248493e-11
   2.72508199e-11  0.00000000e+00]
 [ 3.60014994e-11  4.76432232e-11  4.94122342e-11  4.79025391e-11
   4.23984709e-11  3.65542734e-11  3.82956746e-11  5.35831416e-11
   5.53087312e-11  5.77908567e-11  4.83240614e-11  4.12521672e-11
   2.41340451e-11  1.00005587e-06  5.55927087e-11  5.81838214e-11
   5.07195446e-11  4.13793717e-11  5.12737439e-11  4.98976900e-11
   4.49702535e-11  4.32418842e-11  1.72998975e-12  1.37597089e-11
  -7.46198729e-12  0.00000000e+00]
 [ 4.74584233e-11  5.25795392e-11  5.96539182e-11  5.80689252e-11
   5.57751301e-11  4.68070966e-11  4.04730496e-11  5.66416665e-11
   6.43712541e-11  6.80216980e-11  6.16174691e-11  5.14064964e-11
   3.45620116e-11  5.55927087e-11  1.00006280e-06  6.56197573e-11
   5.98004070e-11  5.11405166e-11  5.33396319e-11  5.40436790e-11
   4.95259324e-11  4.29616313e-11  4.15775487e-12  1.95478005e-11
   7.12976736e-14  0.00000000e+00]
 [ 5.10828826e-11  5.68833080e-11  6.30766564e-11  6.43113755e-11
   6.02685232e-11  5.34784684e-11  3.89790341e-11  6.00395414e-11
   6.75040069e-11  7.56787393e-11  6.73118345e-11  5.94593433e-11
   3.89467382e-11  5.81838214e-11  6.56197573e-11  1.00007382e-06
   6.66183970e-11  5.88071648e-11  5.61011067e-11  5.86464714e-11
   5.47549322e-11  4.54366891e-11  4.98147462e-12  2.55564681e-11
   3.95835907e-12  0.00000000e+00]
 [ 4.81310953e-11  5.00608013e-11  5.79708392e-11  5.94629102e-11
   5.80383862e-11  5.24518167e-11  3.62588483e-11  5.30000311e-11
   6.15283238e-11  6.86398845e-11  6.49554677e-11  5.95431739e-11
   4.34276052e-11  5.07195446e-11  5.98004070e-11  6.66183970e-11
   1.00006522e-06  6.01305698e-11  5.09474477e-11  5.50533000e-11
   5.36851371e-11  4.28627022e-11  4.11399257e-12  1.97406252e-11
   5.35443425e-12  0.00000000e+00]
 [ 4.54709395e-11  4.28045340e-11  5.02973335e-11  5.26707434e-11
   5.40464891e-11  5.25495984e-11  3.03608771e-11  4.43071323e-11
   5.24014787e-11  5.97526546e-11  6.04214978e-11  6.06233804e-11
   4.89096351e-11  4.13793717e-11  5.11405166e-11  5.88071648e-11
   6.01305698e-11  1.00006142e-06  4.37018632e-11  4.91899127e-11
   5.02598612e-11  3.75935476e-11  8.06898207e-12  2.38688239e-11
   1.44724665e-11  0.00000000e+00]
 [ 2.98020127e-11  4.11861065e-11  4.39966933e-11  4.11583058e-11
   3.71723979e-11  3.21563831e-11  3.46054871e-11  4.82485647e-11
   5.11848081e-11  5.27308257e-11  4.53577573e-11  4.00547345e-11
   2.63933146e-11  5.12737439e-11  5.33396319e-11  5.61011067e-11
   5.09474477e-11  4.37018632e-11  1.00005216e-06  5.22172372e-11
   4.89450139e-11  4.89385590e-11  6.21193983e-13  7.70196830e-12
  -6.06643511e-12  0.00000000e+00]
 [ 3.21268974e-11  4.19909007e-11  4.57162955e-11  4.37011694e-11
   4.01245035e-11  3.54080865e-11  3.35600514e-11  4.80180636e-11
   5.22246901e-11  5.53504370e-11  4.88649835e-11  4.47437539e-11
   3.09109648e-11  4.98976900e-11  5.40436790e-11  5.86464714e-11
   5.50533000e-11  4.91899127e-11  5.22172372e-11  1.00005480e-06
   5.29338026e-11  5.09737607e-11  9.84037258e-13  7.63795174e-12
  -5.60070078e-12  0.00000000e+00]
 [ 2.86230496e-11  3.74942103e-11  4.12519818e-11  3.96408743e-11
   3.65258714e-11  3.35342164e-11  3.06376126e-11  4.34025601e-11
   4.73382940e-11  5.03677488e-11  4.58300061e-11  4.44972266e-11
   3.32384173e-11  4.49702535e-11  4.95259324e-11  5.47549322e-11
   5.36851371e-11  5.02598612e-11  4.89450139e-11  5.29338026e-11
   1.00005370e-06  5.08314646e-11  7.63680859e-14  4.32306572e-12
  -5.54068708e-12  0.00000000e+00]
 [ 1.37214526e-11  2.89921281e-11  2.96750606e-11  2.53404525e-11
   2.01996360e-11  1.75330943e-11  2.74742316e-11  3.76145922e-11
   3.80908870e-11  3.73923288e-11  3.04008839e-11  2.90365844e-11
   2.01594800e-11  4.32418842e-11  4.29616313e-11  4.54366891e-11
   4.28627022e-11  3.75935476e-11  4.89385590e-11  5.09737607e-11
   5.08314646e-11  1.00005844e-06 -4.44487614e-12 -7.72005203e-12
  -1.72328481e-11  0.00000000e+00]
 [ 1.81822716e-11  1.12219410e-11  1.11946683e-11  1.32212149e-11
   1.40171896e-11  1.50568681e-11  7.09354658e-12  6.18104476e-12
   7.65528384e-12  9.72486156e-12  1.03101719e-11  1.11697859e-11
   1.27226826e-11  1.72998975e-12  4.15775487e-12  4.98147462e-12
   4.11399257e-12  8.06898207e-12  6.21193983e-13  9.84037258e-13
   7.63680859e-14 -4.44487614e-12  1.00003713e-06  2.64033602e-11
   3.19025972e-11  0.00000000e+00]
 [ 4.92915723e-11  3.35733607e-11  3.64602985e-11  3.46125757e-11
   4.03926865e-11  4.08414620e-11  9.52813117e-12  2.02778026e-11
   2.66704942e-11  3.21411531e-11  3.50291004e-11  3.08203222e-11
   2.40248493e-11  1.37597089e-11  1.95478005e-11  2.55564681e-11
   1.97406252e-11  2.38688239e-11  7.70196830e-12  7.63795174e-12
   4.32306572e-12 -7.72005203e-12  2.64033602e-11  1.00010002e-06
   5.72026360e-11  0.00000000e+00]
 [ 2.73272015e-11  7.95978541e-12  1.15199066e-11  1.84574343e-11
   2.22242726e-11  2.98144186e-11 -1.40339136e-12 -5.06902442e-13
   4.81240305e-12  9.88236829e-12  1.68668055e-11  2.05026625e-11
   2.72508199e-11 -7.46198729e-12  7.12976736e-14  3.95835907e-12
   5.35443425e-12  1.44724665e-11 -6.06643511e-12 -5.60070078e-12
  -5.54068708e-12 -1.72328481e-11  3.19025972e-11  5.72026360e-11
   1.00010118e-06  0.00000000e+00]
 [ 0.00000000e+00  0.00000000e+00  0.00000000e+00  0.00000000e+00
   0.00000000e+00  0.00000000e+00  0.00000000e+00  0.00000000e+00
   0.00000000e+00  0.00000000e+00  0.00000000e+00  0.00000000e+00
   0.00000000e+00  0.00000000e+00  0.00000000e+00  0.00000000e+00
   0.00000000e+00  0.00000000e+00  0.00000000e+00  0.00000000e+00
   0.00000000e+00  0.00000000e+00  0.00000000e+00  0.00000000e+00
   0.00000000e+00  1.00000000e-06]]
Trajectoire 2:
Trajectoire avec 1 matrices de covariance
Trajectoire actuelle:
[[ 1.00013858e-06  1.19849942e-10  1.34399391e-10  1.40611761e-10
   1.35710903e-10  1.16980029e-10  7.51579038e-11  9.82736058e-11
   1.19410450e-10  1.27621459e-10  1.25966372e-10  1.04484471e-10
   7.77308923e-11  8.18543882e-11  1.02624438e-10  1.04332362e-10
   1.10895572e-10  9.72450305e-11  7.98934683e-11  9.43341256e-11
   9.26351232e-11  7.55932346e-11  2.85378343e-11  5.97036382e-11
   2.28472324e-11  0.00000000e+00]
 [ 1.19849942e-10  1.00011872e-06  1.26324585e-10  1.28537308e-10
   1.20223541e-10  1.03454183e-10  8.04790690e-11  1.04817735e-10
   1.18779344e-10  1.24872054e-10  1.15889731e-10  9.56551868e-11
   6.75768484e-11  8.95598905e-11  1.04386732e-10  1.04920637e-10
   1.04759178e-10  8.86903594e-11  8.15212841e-11  9.18261663e-11
   8.68825795e-11  7.19858715e-11  1.84918177e-11  4.05827369e-11
   1.04871663e-11  0.00000000e+00]
 [ 1.34399391e-10  1.26324585e-10  1.00014278e-06  1.44759503e-10
   1.39454440e-10  1.18152576e-10  8.52574907e-11  1.12430008e-10
   1.35578811e-10  1.44022082e-10  1.37429268e-10  1.12738379e-10
   8.30263326e-11  9.74940223e-11  1.20971691e-10  1.23101342e-10
   1.25255846e-10  1.07667415e-10  9.47432644e-11  1.09344157e-10
   1.05216600e-10  8.64822482e-11  1.55984987e-11  4.25875917e-11
   1.23227293e-11  0.00000000e+00]
 [ 1.40611761e-10  1.28537308e-10  1.44759503e-10  1.00015407e-06
   1.47860331e-10  1.29932633e-10  8.29222793e-11  1.12996769e-10
   1.35753566e-10  1.50374475e-10  1.44832660e-10  1.23684525e-10
   8.92640703e-11  9.89985858e-11  1.21157851e-10  1.28185783e-10
   1.32154152e-10  1.15781125e-10  9.72611133e-11  1.13637729e-10
   1.11250080e-10  9.10250135e-11  1.62790014e-11  4.74482658e-11
   1.51791701e-11  0.00000000e+00]
 [ 1.35710903e-10  1.20223541e-10  1.39454440e-10  1.47860331e-10
   1.00015020e-06  1.33613904e-10  8.12281721e-11  1.08845758e-10
   1.34233110e-10  1.48962217e-10  1.51208728e-10  1.32651479e-10
   9.86504368e-11  9.97999603e-11  1.24457696e-10  1.31877983e-10
   1.40614622e-10  1.27226371e-10  1.03340719e-10  1.21653987e-10
   1.20972082e-10  9.98872869e-11  1.32002550e-11  4.41942963e-11
   1.56733569e-11  0.00000000e+00]
 [ 1.16980029e-10  1.03454183e-10  1.18152576e-10  1.29932633e-10
   1.33613904e-10  1.00012645e-06  6.86228447e-11  9.55375527e-11
   1.14969811e-10  1.31882468e-10  1.36559815e-10  1.28472252e-10
   9.66273599e-11  9.11940071e-11  1.09546390e-10  1.20459105e-10
   1.30595064e-10  1.22722897e-10  9.55184637e-11  1.13082009e-10
   1.14828172e-10  9.50176964e-11  1.01238033e-11  3.94482034e-11
   1.68730355e-11  0.00000000e+00]
 [ 7.51579038e-11  8.04790690e-11  8.52574907e-11  8.29222793e-11
   8.12281721e-11  6.86228447e-11  1.00007008e-06  8.25615860e-11
   8.92676680e-11  8.88585944e-11  8.36423096e-11  6.84195072e-11
   4.93218677e-11  7.89992577e-11  8.63494300e-11  8.20568119e-11
   7.90669685e-11  6.63447525e-11  7.21774236e-11  7.53091228e-11
   6.76842493e-11  5.98694676e-11  5.31817695e-12  1.58472914e-11
  -2.55578143e-12  0.00000000e+00]
 [ 9.82736058e-11  1.04817735e-10  1.12430008e-10  1.12996769e-10
   1.08845758e-10  9.55375527e-11  8.25615860e-11  1.00010804e-06
   1.18443672e-10  1.23144356e-10  1.13701158e-10  9.73777167e-11
   6.94495778e-11  1.02736908e-10  1.14184603e-10  1.14268012e-10
   1.09699481e-10  9.35950760e-11  9.49643482e-11  1.02428604e-10
   9.40886671e-11  8.16446116e-11  3.15428145e-12  2.05537326e-11
  -5.43163395e-13  0.00000000e+00]
 [ 1.19410450e-10  1.18779344e-10  1.35578811e-10  1.35753566e-10
   1.34233110e-10  1.14969811e-10  8.92676680e-11  1.18443672e-10
   1.00014085e-06  1.48833739e-10  1.41392729e-10  1.18791612e-10
   8.83457304e-11  1.11583990e-10  1.34626901e-10  1.37257329e-10
   1.35834867e-10  1.17234044e-10  1.10242272e-10  1.23992323e-10
   1.17118655e-10  9.93324013e-11  3.20354404e-12  2.68182772e-11
   3.68171974e-12  0.00000000e+00]
 [ 1.27621459e-10  1.24872054e-10  1.44022082e-10  1.50374475e-10
   1.48962217e-10  1.31882468e-10  8.88585944e-11  1.23144356e-10
   1.48833739e-10  1.00016627e-06  1.59472606e-10  1.39531103e-10
   1.01736037e-10  1.17063811e-10  1.42856851e-10  1.53563115e-10
   1.54729295e-10  1.36234267e-10  1.19507743e-10  1.38039066e-10
   1.33966902e-10  1.11927881e-10  9.59055900e-13  2.79362441e-11
   5.46982841e-12  0.00000000e+00]
 [ 1.25966372e-10  1.15889731e-10  1.37429268e-10  1.44832660e-10
   1.51208728e-10  1.36559815e-10  8.36423096e-11  1.13701158e-10
   1.41392729e-10  1.59472606e-10  1.00016412e-06  1.48887071e-10
   1.11354521e-10  1.11657720e-10  1.39123757e-10  1.51355032e-10
   1.60954886e-10  1.48407427e-10  1.20489323e-10  1.42324616e-10
   1.42693763e-10  1.18281847e-10  2.47139739e-12  3.02935085e-11
   9.05236120e-12  0.00000000e+00]
 [ 1.04484471e-10  9.56551868e-11  1.12738379e-10  1.23684525e-10
   1.32651479e-10  1.28472252e-10  6.84195072e-11  9.73777167e-11
   1.18791612e-10  1.39531103e-10  1.48887071e-10  1.00014772e-06
   1.12674709e-10  1.01143709e-10  1.22107190e-10  1.39003818e-10
   1.52650255e-10  1.48845969e-10  1.12401466e-10  1.34944732e-10
   1.40030221e-10  1.15360987e-10 -8.22982733e-13  2.52441711e-11
   1.21907547e-11  0.00000000e+00]
 [ 7.77308923e-11  6.75768484e-11  8.30263326e-11  8.92640703e-11
   9.86504368e-11  9.66273599e-11  4.93218677e-11  6.94495778e-11
   8.83457304e-11  1.01736037e-10  1.11354521e-10  1.12674709e-10
   1.00009658e-06  7.32898046e-11  9.18497578e-11  1.03340703e-10
   1.16082546e-10  1.16602099e-10  8.45841006e-11  1.03065337e-10
   1.08835091e-10  8.90820868e-11 -1.72076272e-13  2.27212438e-11
   1.60341987e-11  0.00000000e+00]
 [ 8.18543882e-11  8.95598905e-11  9.74940223e-11  9.89985858e-11
   9.97999603e-11  9.11940071e-11  7.89992577e-11  1.02736908e-10
   1.11583990e-10  1.17063811e-10  1.11657720e-10  1.01143709e-10
   7.32898046e-11  1.00010894e-06  1.17606068e-10  1.19596538e-10
   1.14699226e-10  1.01328391e-10  1.05827664e-10  1.12493620e-10
   1.03667083e-10  9.31375722e-11 -6.53703350e-12  8.54713660e-12
  -7.01616354e-12  0.00000000e+00]
 [ 1.02624438e-10  1.04386732e-10  1.20971691e-10  1.21157851e-10
   1.24457696e-10  1.09546390e-10  8.63494300e-11  1.14184603e-10
   1.34626901e-10  1.42856851e-10  1.39123757e-10  1.22107190e-10
   9.18497578e-11  1.17606068e-10  1.00013891e-06  1.43125868e-10
   1.41103664e-10  1.24900307e-10  1.20802381e-10  1.34191675e-10
   1.26496682e-10  1.09708422e-10 -6.08058281e-12  1.45966078e-11
  -1.85805428e-12  0.00000000e+00]
 [ 1.04332362e-10  1.04920637e-10  1.23101342e-10  1.28185783e-10
   1.31877983e-10  1.20459105e-10  8.20568119e-11  1.14268012e-10
   1.37257329e-10  1.53563115e-10  1.51355032e-10  1.39003818e-10
   1.03340703e-10  1.19596538e-10  1.43125868e-10  1.00015652e-06
   1.57202150e-10  1.42848577e-10  1.28322853e-10  1.47292587e-10
   1.43311138e-10  1.22485545e-10 -9.21119808e-12  1.42456153e-11
  -3.89504666e-14  0.00000000e+00]
 [ 1.10895572e-10  1.04759178e-10  1.25255846e-10  1.32154152e-10
   1.40614622e-10  1.30595064e-10  7.90669685e-11  1.09699481e-10
   1.35834867e-10  1.54729295e-10  1.60954886e-10  1.52650255e-10
   1.16082546e-10  1.14699226e-10  1.41103664e-10  1.57202150e-10
   1.00016844e-06  1.59415226e-10  1.29253638e-10  1.53354309e-10
   1.55496154e-10  1.30503556e-10 -4.06179614e-12  2.22448128e-11
   7.95947790e-12  0.00000000e+00]
 [ 9.72450305e-11  8.86903594e-11  1.07667415e-10  1.15781125e-10
   1.27226371e-10  1.22722897e-10  6.63447525e-11  9.35950760e-11
   1.17234044e-10  1.36234267e-10  1.48407427e-10  1.48845969e-10
   1.16602099e-10  1.01328391e-10  1.24900307e-10  1.42848577e-10
   1.59415226e-10  1.00015868e-06  1.19075314e-10  1.44330093e-10
   1.51676259e-10  1.26009762e-10 -4.52006930e-12  2.11254814e-11
   1.21145520e-11  0.00000000e+00]
 [ 7.98934683e-11  8.15212841e-11  9.47432644e-11  9.72611133e-11
   1.03340719e-10  9.55184637e-11  7.21774236e-11  9.49643482e-11
   1.10242272e-10  1.19507743e-10  1.20489323e-10  1.12401466e-10
   8.45841006e-11  1.05827664e-10  1.20802381e-10  1.28322853e-10
   1.29253638e-10  1.19075314e-10  1.00011564e-06  1.28081092e-10
   1.23032525e-10  1.11665840e-10 -9.86445476e-12  8.43611418e-12
  -3.90526711e-12  0.00000000e+00]
 [ 9.43341256e-11  9.18261663e-11  1.09344157e-10  1.13637729e-10
   1.21653987e-10  1.13082009e-10  7.53091228e-11  1.02428604e-10
   1.23992323e-10  1.38039066e-10  1.42324616e-10  1.34944732e-10
   1.03065337e-10  1.12493620e-10  1.34191675e-10  1.47292587e-10
   1.53354309e-10  1.44330093e-10  1.28081092e-10  1.00014823e-06
   1.46912769e-10  1.29584409e-10 -8.15163677e-12  1.49709950e-11
   2.13055415e-12  0.00000000e+00]
 [ 9.26351232e-11  8.68825795e-11  1.05216600e-10  1.11250080e-10
   1.20972082e-10  1.14828172e-10  6.76842493e-11  9.40886671e-11
   1.17118655e-10  1.33966902e-10  1.42693763e-10  1.40030221e-10
   1.08835091e-10  1.03667083e-10  1.26496682e-10  1.43311138e-10
   1.55496154e-10  1.51676259e-10  1.23032525e-10  1.46912769e-10
   1.00015167e-06  1.31205681e-10 -6.34599367e-12  1.78902728e-11
   7.25149451e-12  0.00000000e+00]
 [ 7.55932346e-11  7.19858715e-11  8.64822482e-11  9.10250135e-11
   9.98872869e-11  9.50176964e-11  5.98694676e-11  8.16446116e-11
   9.93324013e-11  1.11927881e-10  1.18281847e-10  1.15360987e-10
   8.90820868e-11  9.31375722e-11  1.09708422e-10  1.22485545e-10
   1.30503556e-10  1.26009762e-10  1.11665840e-10  1.29584409e-10
   1.31205681e-10  1.00012250e-06 -7.59014604e-12  1.41785893e-11
   9.57431746e-13  0.00000000e+00]
 [ 2.85378343e-11  1.84918177e-11  1.55984987e-11  1.62790014e-11
   1.32002550e-11  1.01238033e-11  5.31817695e-12  3.15428145e-12
   3.20354404e-12  9.59055900e-13  2.47139739e-12 -8.22982733e-13
  -1.72076272e-13 -6.53703350e-12 -6.08058281e-12 -9.21119808e-12
  -4.06179614e-12 -4.52006930e-12 -9.86445476e-12 -8.15163677e-12
  -6.34599367e-12 -7.59014604e-12  1.00004586e-06  4.16899721e-11
   2.72535007e-11  0.00000000e+00]
 [ 5.97036382e-11  4.05827369e-11  4.25875917e-11  4.74482658e-11
   4.41942963e-11  3.94482034e-11  1.58472914e-11  2.05537326e-11
   2.68182772e-11  2.79362441e-11  3.02935085e-11  2.52441711e-11
   2.27212438e-11  8.54713660e-12  1.45966078e-11  1.42456153e-11
   2.22448128e-11  2.11254814e-11  8.43611418e-12  1.49709950e-11
   1.78902728e-11  1.41785893e-11  4.16899721e-11  1.00006957e-06
   4.10238317e-11  0.00000000e+00]
 [ 2.28472324e-11  1.04871663e-11  1.23227293e-11  1.51791701e-11
   1.56733569e-11  1.68730355e-11 -2.55578143e-12 -5.43163395e-13
   3.68171974e-12  5.46982841e-12  9.05236120e-12  1.21907547e-11
   1.60341987e-11 -7.01616354e-12 -1.85805428e-12 -3.89504666e-14
   7.95947790e-12  1.21145520e-11 -3.90526711e-12  2.13055415e-12
   7.25149451e-12  9.57431746e-13  2.72535007e-11  4.10238317e-11
   1.00005322e-06  0.00000000e+00]
 [ 0.00000000e+00  0.00000000e+00  0.00000000e+00  0.00000000e+00
   0.00000000e+00  0.00000000e+00  0.00000000e+00  0.00000000e+00
   0.00000000e+00  0.00000000e+00  0.00000000e+00  0.00000000e+00
   0.00000000e+00  0.00000000e+00  0.00000000e+00  0.00000000e+00
   0.00000000e+00  0.00000000e+00  0.00000000e+00  0.00000000e+00
   0.00000000e+00  0.00000000e+00  0.00000000e+00  0.00000000e+00
   0.00000000e+00  1.00000000e-06]]
Trajectoire 3:
Trajectoire avec 1 matrices de covariance
Trajectoire actuelle:
[[1.00010541e-06 8.88852202e-11 1.03274810e-10 1.09931295e-10
  1.11585538e-10 1.02574610e-10 4.62424608e-11 7.57439028e-11
  9.64766969e-11 1.03968248e-10 1.05052922e-10 8.63954228e-11
  6.39591315e-11 6.83452819e-11 8.52829992e-11 8.98472968e-11
  8.70584647e-11 7.49989744e-11 6.52169625e-11 7.53898487e-11
  7.25071748e-11 6.03155755e-11 1.74116862e-11 6.67863631e-11
  3.18225331e-11 0.00000000e+00]
 [8.88852202e-11 1.00008989e-06 9.54249529e-11 1.00391224e-10
  9.71623309e-11 9.21589578e-11 5.34431413e-11 8.19442912e-11
  9.20619328e-11 9.96191518e-11 9.52140700e-11 8.34762865e-11
  6.05383765e-11 7.58202560e-11 8.61566864e-11 8.96124030e-11
  8.46359356e-11 7.44297945e-11 7.03980506e-11 7.67380637e-11
  7.29021129e-11 6.27547285e-11 1.57143329e-11 4.82533858e-11
  2.53384359e-11 0.00000000e+00]
 [1.03274810e-10 9.54249529e-11 1.00010799e-06 1.12853847e-10
  1.12547405e-10 1.03436018e-10 5.50162054e-11 8.54116208e-11
  1.03168931e-10 1.10020237e-10 1.08574332e-10 9.03760999e-11
  6.74565094e-11 7.86789716e-11 9.42756350e-11 9.63972009e-11
  9.23389313e-11 7.98325051e-11 7.36265859e-11 8.21542305e-11
  7.78722320e-11 6.56345509e-11 1.69274189e-11 5.87275873e-11
  3.04917557e-11 0.00000000e+00]
 [1.09931295e-10 1.00391224e-10 1.12853847e-10 1.00012548e-06
  1.23003189e-10 1.16355832e-10 5.29486595e-11 9.01548769e-11
  1.09349645e-10 1.21457972e-10 1.18700709e-10 1.00406280e-10
  7.22922227e-11 8.41776331e-11 9.93249510e-11 1.06258154e-10
  1.00518114e-10 8.63723644e-11 7.68320397e-11 8.86407565e-11
  8.41188425e-11 7.00455437e-11 1.64738940e-11 6.60649702e-11
  3.51493791e-11 0.00000000e+00]
 [1.11585538e-10 9.71623309e-11 1.12547405e-10 1.23003189e-10
  1.00012766e-06 1.19386995e-10 5.49881021e-11 8.89365267e-11
  1.10797185e-10 1.20574380e-10 1.23679948e-10 1.03630501e-10
  7.83571141e-11 8.41630178e-11 1.02769753e-10 1.07163870e-10
  1.04193346e-10 9.11007288e-11 8.06749634e-11 9.19250138e-11
  8.84436372e-11 7.45774562e-11 1.55538079e-11 6.87185324e-11
  3.76053370e-11 0.00000000e+00]
 [1.02574610e-10 9.21589578e-11 1.03436018e-10 1.16355832e-10
  1.19386995e-10 1.00011667e-06 5.14805818e-11 8.52567282e-11
  1.02225134e-10 1.14228324e-10 1.16192372e-10 1.02593354e-10
  7.79007321e-11 8.16241575e-11 9.63871587e-11 1.02742178e-10
  9.99143872e-11 8.96050250e-11 7.76720560e-11 8.79018515e-11
  8.54192722e-11 7.22136531e-11 1.33557567e-11 6.26466043e-11
  3.54623564e-11 0.00000000e+00]
 [4.62424608e-11 5.34431413e-11 5.50162054e-11 5.29486595e-11
  5.49881021e-11 5.14805818e-11 1.00004888e-06 5.85962265e-11
  5.92035257e-11 6.03206416e-11 5.89966152e-11 5.32579529e-11
  4.38227928e-11 5.84055591e-11 6.41784259e-11 6.09329997e-11
  5.76893021e-11 5.28133793e-11 5.83996954e-11 5.61432082e-11
  5.32073628e-11 4.89008701e-11 8.01447852e-12 1.90023172e-11
  1.30032573e-11 0.00000000e+00]
 [7.57439028e-11 8.19442912e-11 8.54116208e-11 9.01548769e-11
  8.89365267e-11 8.52567282e-11 5.85962265e-11 1.00008480e-06
  9.01381718e-11 9.67953722e-11 9.27036761e-11 8.36884254e-11
  6.24201052e-11 8.41043527e-11 9.22038158e-11 9.42541735e-11
  8.82922154e-11 7.94200082e-11 8.19889319e-11 8.45995773e-11
  8.08304534e-11 7.27929777e-11 1.03099031e-11 3.92215977e-11
  2.32235152e-11 0.00000000e+00]
 [9.64766969e-11 9.20619328e-11 1.03168931e-10 1.09349645e-10
  1.10797185e-10 1.02225134e-10 5.92035257e-11 9.01381718e-11
  1.00010703e-06 1.13334266e-10 1.11948001e-10 9.43710023e-11
  7.06918675e-11 8.80968689e-11 1.03262672e-10 1.06170914e-10
  9.99627674e-11 8.71999757e-11 8.40722080e-11 9.34884757e-11
  8.86253680e-11 7.74812082e-11 1.37788510e-11 5.58662385e-11
  3.20606102e-11 0.00000000e+00]
 [1.03968248e-10 9.96191518e-11 1.10020237e-10 1.21457972e-10
  1.20574380e-10 1.14228324e-10 6.03206416e-11 9.67953722e-11
  1.13334266e-10 1.00012613e-06 1.22063169e-10 1.05582975e-10
  7.70821631e-11 9.39241979e-11 1.09604631e-10 1.17029275e-10
  1.09802690e-10 9.55228805e-11 8.94856887e-11 1.00566653e-10
  9.57515878e-11 8.23014742e-11 1.43962302e-11 6.02490455e-11
  3.41441785e-11 0.00000000e+00]
 [1.05052922e-10 9.52140700e-11 1.08574332e-10 1.18700709e-10
  1.23679948e-10 1.16192372e-10 5.89966152e-11 9.27036761e-11
  1.11948001e-10 1.22063169e-10 1.00012515e-06 1.07656046e-10
  8.20245798e-11 9.09948920e-11 1.09077987e-10 1.14356169e-10
  1.11058609e-10 9.89176062e-11 9.01446398e-11 1.01311257e-10
  9.83920628e-11 8.53533403e-11 1.31796636e-11 6.40229881e-11
  3.64211823e-11 0.00000000e+00]
 [8.63954228e-11 8.34762865e-11 9.03760999e-11 1.00406280e-10
  1.03630501e-10 1.02593354e-10 5.32579529e-11 8.36884254e-11
  9.43710023e-11 1.05582975e-10 1.07656046e-10 1.00010181e-06
  7.87246135e-11 8.36070797e-11 9.62516686e-11 1.03292211e-10
  1.02133643e-10 9.62716624e-11 8.56012505e-11 9.35889157e-11
  9.38298088e-11 8.25463617e-11 9.25090602e-12 5.19679384e-11
  2.94477094e-11 0.00000000e+00]
 [6.39591315e-11 6.05383765e-11 6.74565094e-11 7.22922227e-11
  7.83571141e-11 7.79007321e-11 4.38227928e-11 6.24201052e-11
  7.06918675e-11 7.70821631e-11 8.20245798e-11 7.87246135e-11
  1.00006896e-06 6.30676638e-11 7.44014593e-11 7.62620241e-11
  7.79682515e-11 7.58966863e-11 6.56985529e-11 7.08890303e-11
  7.19364898e-11 6.32088599e-11 5.75901539e-12 3.80277926e-11
  2.39832626e-11 0.00000000e+00]
 [6.83452819e-11 7.58202560e-11 7.86789716e-11 8.41776331e-11
  8.41630178e-11 8.16241575e-11 5.84055591e-11 8.41043527e-11
  8.80968689e-11 9.39241979e-11 9.09948920e-11 8.36070797e-11
  6.30676638e-11 1.00008952e-06 9.52486764e-11 9.69115069e-11
  9.02585329e-11 8.25024198e-11 8.99402894e-11 9.12959484e-11
  8.74353074e-11 8.28572357e-11 6.69310052e-12 3.60172432e-11
  2.15621241e-11 0.00000000e+00]
 [8.52829992e-11 8.61566864e-11 9.42756350e-11 9.93249510e-11
  1.02769753e-10 9.63871587e-11 6.41784259e-11 9.22038158e-11
  1.03262672e-10 1.09604631e-10 1.09077987e-10 9.62516686e-11
  7.44014593e-11 9.52486764e-11 1.00010863e-06 1.10252916e-10
  1.04516450e-10 9.43060281e-11 9.72472979e-11 1.02364853e-10
  9.84340395e-11 9.03431259e-11 8.65599104e-12 4.58919184e-11
  2.73473210e-11 0.00000000e+00]
 [8.98472968e-11 8.96124030e-11 9.63972009e-11 1.06258154e-10
  1.07163870e-10 1.02742178e-10 6.09329997e-11 9.42541735e-11
  1.06170914e-10 1.17029275e-10 1.14356169e-10 1.03292211e-10
  7.62620241e-11 9.69115069e-11 1.10252916e-10 1.00011877e-06
  1.11468670e-10 1.00350457e-10 9.88693506e-11 1.08271195e-10
  1.05114872e-10 9.57006648e-11 9.76331678e-12 5.36286247e-11
  3.04255328e-11 0.00000000e+00]
 [8.70584647e-11 8.46359356e-11 9.23389313e-11 1.00518114e-10
  1.04193346e-10 9.99143872e-11 5.76893021e-11 8.82922154e-11
  9.99627674e-11 1.09802690e-10 1.11058609e-10 1.02133643e-10
  7.79682515e-11 9.02585329e-11 1.04516450e-10 1.11468670e-10
  1.00010946e-06 1.01584551e-10 9.58667082e-11 1.04123256e-10
  1.03957798e-10 9.39402206e-11 8.54164946e-12 5.28445898e-11
  2.91950095e-11 0.00000000e+00]
 [7.49989744e-11 7.44297945e-11 7.98325051e-11 8.63723644e-11
  9.11007288e-11 8.96050250e-11 5.28133793e-11 7.94200082e-11
  8.71999757e-11 9.55228805e-11 9.89176062e-11 9.62716624e-11
  7.58966863e-11 8.25024198e-11 9.43060281e-11 1.00350457e-10
  1.01584551e-10 1.00009924e-06 9.06913820e-11 9.64691209e-11
  9.94377147e-11 9.00664553e-11 4.91090484e-12 4.59352238e-11
  2.45389105e-11 0.00000000e+00]
 [6.52169625e-11 7.03980506e-11 7.36265859e-11 7.68320397e-11
  8.06749634e-11 7.76720560e-11 5.83996954e-11 8.19889319e-11
  8.40722080e-11 8.94856887e-11 9.01446398e-11 8.56012505e-11
  6.56985529e-11 8.99402894e-11 9.72472979e-11 9.88693506e-11
  9.58667082e-11 9.06913820e-11 1.00010390e-06 1.00117465e-10
  9.89621333e-11 9.76701618e-11 4.14702530e-12 3.48062433e-11
  1.79847447e-11 0.00000000e+00]
 [7.53898487e-11 7.67380637e-11 8.21542305e-11 8.86407565e-11
  9.19250138e-11 8.79018515e-11 5.61432082e-11 8.45995773e-11
  9.34884757e-11 1.00566653e-10 1.01311257e-10 9.35889157e-11
  7.08890303e-11 9.12959484e-11 1.02364853e-10 1.08271195e-10
  1.04123256e-10 9.64691209e-11 1.00117465e-10 1.00010785e-06
  1.05849749e-10 1.03309116e-10 7.67694823e-12 4.69160518e-11
  2.70842184e-11 0.00000000e+00]
 [7.25071748e-11 7.29021129e-11 7.78722320e-11 8.41188425e-11
  8.84436372e-11 8.54192722e-11 5.32073628e-11 8.08304534e-11
  8.86253680e-11 9.57515878e-11 9.83920628e-11 9.38298088e-11
  7.19364898e-11 8.74353074e-11 9.84340395e-11 1.05114872e-10
  1.03957798e-10 9.94377147e-11 9.89621333e-11 1.05849749e-10
  1.00010755e-06 1.03507414e-10 5.07175411e-12 4.78092844e-11
  2.47454895e-11 0.00000000e+00]
 [6.03155755e-11 6.27547285e-11 6.56345509e-11 7.00455437e-11
  7.45774562e-11 7.22136531e-11 4.89008701e-11 7.27929777e-11
  7.74812082e-11 8.23014742e-11 8.53533403e-11 8.25463617e-11
  6.32088599e-11 8.28572357e-11 9.03431259e-11 9.57006648e-11
  9.39402206e-11 9.00664553e-11 9.76701618e-11 1.03309116e-10
  1.03507414e-10 1.00010927e-06 4.70550913e-12 4.18745127e-11
  2.10784010e-11 0.00000000e+00]
 [1.74116862e-11 1.57143329e-11 1.69274189e-11 1.64738940e-11
  1.55538079e-11 1.33557567e-11 8.01447852e-12 1.03099031e-11
  1.37788510e-11 1.43962302e-11 1.31796636e-11 9.25090602e-12
  5.75901539e-12 6.69310052e-12 8.65599104e-12 9.76331678e-12
  8.54164946e-12 4.91090484e-12 4.14702530e-12 7.67694823e-12
  5.07175411e-12 4.70550913e-12 1.00002534e-06 1.54137319e-11
  1.16990112e-11 0.00000000e+00]
 [6.67863631e-11 4.82533858e-11 5.87275873e-11 6.60649702e-11
  6.87185324e-11 6.26466043e-11 1.90023172e-11 3.92215977e-11
  5.58662385e-11 6.02490455e-11 6.40229881e-11 5.19679384e-11
  3.80277926e-11 3.60172432e-11 4.58919184e-11 5.36286247e-11
  5.28445898e-11 4.59352238e-11 3.48062433e-11 4.69160518e-11
  4.78092844e-11 4.18745127e-11 1.54137319e-11 1.00007491e-06
  3.40671370e-11 0.00000000e+00]
 [3.18225331e-11 2.53384359e-11 3.04917557e-11 3.51493791e-11
  3.76053370e-11 3.54623564e-11 1.30032573e-11 2.32235152e-11
  3.20606102e-11 3.41441785e-11 3.64211823e-11 2.94477094e-11
  2.39832626e-11 2.15621241e-11 2.73473210e-11 3.04255328e-11
  2.91950095e-11 2.45389105e-11 1.79847447e-11 2.70842184e-11
  2.47454895e-11 2.10784010e-11 1.16990112e-11 3.40671370e-11
  1.00003757e-06 0.00000000e+00]
 [0.00000000e+00 0.00000000e+00 0.00000000e+00 0.00000000e+00
  0.00000000e+00 0.00000000e+00 0.00000000e+00 0.00000000e+00
  0.00000000e+00 0.00000000e+00 0.00000000e+00 0.00000000e+00
  0.00000000e+00 0.00000000e+00 0.00000000e+00 0.00000000e+00
  0.00000000e+00 0.00000000e+00 0.00000000e+00 0.00000000e+00
  0.00000000e+00 0.00000000e+00 0.00000000e+00 0.00000000e+00
  0.00000000e+00 1.00000000e-06]]
Trajectoire 4:
Trajectoire avec 1 matrices de covariance
Trajectoire actuelle:
[[ 1.00011803e-06  1.08502069e-10  1.18158151e-10  1.19951253e-10
   1.13560177e-10  1.03570691e-10  6.85572244e-11  9.03649485e-11
   1.00151960e-10  1.00493013e-10  9.64829288e-11  8.30598970e-11
   6.87482363e-11  7.36863419e-11  8.40697499e-11  8.07820052e-11
   7.64843468e-11  7.11036853e-11  6.74281550e-11  6.97778569e-11
   6.53510094e-11  6.20431003e-11  2.30653102e-11  5.58750156e-11
   1.74378604e-11 -1.83940214e-07]
 [ 1.08502069e-10  1.00011526e-06  1.20062519e-10  1.20256879e-10
   1.08132836e-10  9.82269318e-11  7.57284069e-11  1.02009195e-10
   1.07591846e-10  1.09664348e-10  9.82918826e-11  8.59864733e-11
   6.60322357e-11  8.56089169e-11  9.30531031e-11  9.15781676e-11
   8.40859935e-11  7.66403886e-11  7.78832099e-11  7.94224678e-11
   7.35061356e-11  7.20683276e-11  1.95939623e-11  5.03368902e-11
   1.23761846e-11 -1.94408192e-07]
 [ 1.18158151e-10  1.20062519e-10  1.00013113e-06  1.29643190e-10
   1.19521351e-10  1.06058752e-10  8.06873783e-11  1.07694966e-10
   1.18721574e-10  1.19314797e-10  1.09180071e-10  9.29941351e-11
   7.42764353e-11  9.25328934e-11  1.04239650e-10  1.00703379e-10
   9.40478931e-11  8.53558263e-11  8.81361723e-11  9.08440357e-11
   8.50549586e-11  8.42151786e-11  1.86892022e-11  5.25787137e-11
   1.38113567e-11 -1.56550688e-07]
 [ 1.19951253e-10  1.20256879e-10  1.29643190e-10  1.00013502e-06
   1.22475208e-10  1.12248528e-10  7.77543392e-11  1.07101537e-10
   1.17154280e-10  1.22543777e-10  1.10994613e-10  9.71352476e-11
   7.57794421e-11  9.19898078e-11  1.02524849e-10  1.03205206e-10
   9.50735097e-11  8.60678445e-11  8.67236493e-11  9.09785067e-11
   8.48575947e-11  8.30236378e-11  2.19615344e-11  5.61056096e-11
   1.90535056e-11 -1.77100686e-07]
 [ 1.13560177e-10  1.08132836e-10  1.19521351e-10  1.22475208e-10
   1.00011964e-06  1.11374015e-10  7.27423806e-11  9.68493438e-11
   1.08416347e-10  1.11345631e-10  1.07416665e-10  9.46623522e-11
   7.79741976e-11  8.24352956e-11  9.52206394e-11  9.37874366e-11
   8.98539782e-11  8.34310649e-11  7.85652360e-11  8.28765029e-11
   7.86542799e-11  7.40585483e-11  2.26349420e-11  5.56183051e-11
   2.35248627e-11 -1.91915175e-07]
 [ 1.03570691e-10  9.82269318e-11  1.06058752e-10  1.12248528e-10
   1.11374015e-10  1.00011053e-06  6.50306055e-11  8.81784528e-11
   9.60360181e-11  1.01221354e-10  9.92839735e-11  9.29048707e-11
   7.66587909e-11  7.44410132e-11  8.39610462e-11  8.58671106e-11
   8.30473615e-11  7.94016414e-11  6.93335190e-11  7.41085708e-11
   7.15669651e-11  6.49255554e-11  2.45522481e-11  5.58528903e-11
   2.94246941e-11 -2.58838429e-07]
 [ 6.85572244e-11  7.57284069e-11  8.06873783e-11  7.77543392e-11
   7.27423806e-11  6.50306055e-11  1.00006170e-06  7.56459461e-11
   7.86175167e-11  7.69719997e-11  7.08521578e-11  6.17084427e-11
   5.17537833e-11  6.85277364e-11  7.36072508e-11  6.96180166e-11
   6.52346760e-11  6.06789662e-11  6.59974401e-11  6.67367110e-11
   6.26166755e-11  6.40467490e-11  1.21200625e-11  3.50790485e-11
   9.75483335e-12 -1.83006735e-07]
 [ 9.03649485e-11  1.02009195e-10  1.07694966e-10  1.07101537e-10
   9.68493438e-11  8.81784528e-11  7.56459461e-11  1.00010068e-06
   1.05047492e-10  1.06838315e-10  9.45365740e-11  8.36233628e-11
   6.52699362e-11  9.08819835e-11  9.72339534e-11  9.58395857e-11
   8.78330284e-11  7.98366051e-11  8.68253955e-11  8.88507045e-11
   8.28717269e-11  8.43561804e-11  1.39945446e-11  4.34440740e-11
   1.15610506e-11 -2.02452716e-07]
 [ 1.00151960e-10  1.07591846e-10  1.18721574e-10  1.17154280e-10
   1.08416347e-10  9.60360181e-11  7.86175167e-11  1.05047492e-10
   1.00011649e-06  1.17806516e-10  1.06201896e-10  9.09235337e-11
   7.26621385e-11  9.62595215e-11  1.08400635e-10  1.06038400e-10
   9.82206522e-11  8.83649611e-11  9.63612772e-11  1.00203028e-10
   9.38904519e-11  9.59603132e-11  1.36791257e-11  4.60407313e-11
   1.33731085e-11 -1.33128447e-07]
 [ 1.00493013e-10  1.09664348e-10  1.19314797e-10  1.22543777e-10
   1.11345631e-10  1.01221354e-10  7.69719997e-11  1.06838315e-10
   1.17806516e-10  1.00012467e-06  1.09878275e-10  9.62524947e-11
   7.43763539e-11  9.75706827e-11  1.09500221e-10  1.11589297e-10
   1.02241074e-10  9.13992319e-11  9.70596464e-11  1.02708694e-10
   9.60729683e-11  9.68014407e-11  1.55232799e-11  4.79303950e-11
   1.70517826e-11 -1.25039045e-07]
 [ 9.64829288e-11  9.82918826e-11  1.09180071e-10  1.10994613e-10
   1.07416665e-10  9.92839735e-11  7.08521578e-11  9.45365740e-11
   1.06201896e-10  1.09878275e-10  1.00010408e-06  9.25230872e-11
   7.62444457e-11  8.53659472e-11  9.83959191e-11  9.82927123e-11
   9.38482347e-11  8.71701149e-11  8.55879718e-11  9.11838558e-11
   8.71506205e-11  8.47195616e-11  1.67940856e-11  4.82135120e-11
   2.11235684e-11 -1.57457239e-07]
 [ 8.30598970e-11  8.59864733e-11  9.29941351e-11  9.71352476e-11
   9.46623522e-11  9.29048707e-11  6.17084427e-11  8.36233628e-11
   9.09235337e-11  9.62524947e-11  9.25230872e-11  1.00008846e-06
   7.33981349e-11  7.53510534e-11  8.44608592e-11  8.73622101e-11
   8.51068026e-11  8.25263276e-11  7.42529441e-11  8.01432448e-11
   7.86500912e-11  7.34278154e-11  1.65658970e-11  4.53746523e-11
   2.45913235e-11 -2.31439927e-07]
 [ 6.87482363e-11  6.60322357e-11  7.42764353e-11  7.57794421e-11
   7.79741976e-11  7.66587909e-11  5.17537833e-11  6.52699362e-11
   7.26621385e-11  7.43763539e-11  7.62444457e-11  7.33981349e-11
   1.00007088e-06  5.98491952e-11  6.94306949e-11  6.95877582e-11
   7.05106133e-11  7.16265834e-11  6.10895616e-11  6.74970442e-11
   6.81391417e-11  6.30071967e-11  1.48898758e-11  4.33044486e-11
   2.68119501e-11 -1.95052203e-07]
 [ 7.36863419e-11  8.56089169e-11  9.25328934e-11  9.19898078e-11
   8.24352956e-11  7.44410132e-11  6.85277364e-11  9.08819835e-11
   9.62595215e-11  9.75706827e-11  8.53659472e-11  7.53510534e-11
   5.98491952e-11  1.00008986e-06  9.48406137e-11  9.32316699e-11
   8.48399587e-11  7.64568387e-11  9.08592757e-11  9.27425830e-11
   8.65014347e-11  9.27721023e-11  8.19557182e-12  3.56425133e-11
   1.03161590e-11 -1.70882730e-07]
 [ 8.40697499e-11  9.30531031e-11  1.04239650e-10  1.02524849e-10
   9.52206394e-11  8.39610462e-11  7.36072508e-11  9.72339534e-11
   1.08400635e-10  1.09500221e-10  9.83959191e-11  8.44608592e-11
   6.94306949e-11  9.48406137e-11  1.00010653e-06  1.04160605e-10
   9.61645316e-11  8.65378462e-11  9.93228017e-11  1.03747531e-10
   9.72997441e-11  1.02819306e-10  9.27478075e-12  4.09505531e-11
   1.33646411e-11 -1.14422966e-07]
 [ 8.07820052e-11  9.15781676e-11  1.00703379e-10  1.03205206e-10
   9.37874366e-11  8.58671106e-11  6.96180166e-11  9.58395857e-11
   1.06038400e-10  1.11589297e-10  9.82927123e-11  8.73622101e-11
   6.95877582e-11  9.32316699e-11  1.04160605e-10  1.00010698e-06
   9.79586034e-11  8.84059681e-11  9.77134945e-11  1.04224004e-10
   9.83360188e-11  1.02213485e-10  1.01860857e-11  4.05891510e-11
   1.54330066e-11 -1.02877897e-07]
 [ 7.64843468e-11  8.40859935e-11  9.40478931e-11  9.50735097e-11
   8.98539782e-11  8.30473615e-11  6.52346760e-11  8.78330284e-11
   9.82206522e-11  1.02241074e-10  9.38482347e-11  8.51068026e-11
   7.05106133e-11  8.48399587e-11  9.61645316e-11  9.79586034e-11
   1.00009391e-06  8.76236542e-11  8.99736915e-11  9.70458698e-11
   9.40415158e-11  9.45574549e-11  1.00909911e-11  3.89973775e-11
   1.79350909e-11 -1.22828764e-07]
 [ 7.11036853e-11  7.66403886e-11  8.53558263e-11  8.60678445e-11
   8.34310649e-11  7.94016414e-11  6.06789662e-11  7.98366051e-11
   8.83649611e-11  9.13992319e-11  8.71701149e-11  8.25263276e-11
   7.16265834e-11  7.64568387e-11  8.65378462e-11  8.84059681e-11
   8.76236542e-11  1.00008598e-06  8.07041802e-11  8.81487137e-11
   8.79684804e-11  8.52016601e-11  1.00935053e-11  3.92299964e-11
   2.01575860e-11 -1.54791439e-07]
 [ 6.74281550e-11  7.78832099e-11  8.81361723e-11  8.67236493e-11
   7.85652360e-11  6.93335190e-11  6.59974401e-11  8.68253955e-11
   9.63612772e-11  9.70596464e-11  8.55879718e-11  7.42529441e-11
   6.10895616e-11  9.08592757e-11  9.93228017e-11  9.77134945e-11
   8.99736915e-11  8.07041802e-11  1.00010131e-06  1.04669687e-10
   9.81890735e-11  1.09791382e-10  5.49792148e-12  3.23629014e-11
   1.11536192e-11 -1.42324111e-07]
 [ 6.97778569e-11  7.94224678e-11  9.08440357e-11  9.09785067e-11
   8.28765029e-11  7.41085708e-11  6.67367110e-11  8.88507045e-11
   1.00203028e-10  1.02708694e-10  9.11838558e-11  8.01432448e-11
   6.74970442e-11  9.27425830e-11  1.03747531e-10  1.04224004e-10
   9.70458698e-11  8.81487137e-11  1.04669687e-10  1.00011208e-06
   1.06772713e-10  1.16718316e-10  6.73048929e-12  3.71778654e-11
   1.45533769e-11 -1.01264505e-07]
 [ 6.53510094e-11  7.35061356e-11  8.50549586e-11  8.48575947e-11
   7.86542799e-11  7.15669651e-11  6.26166755e-11  8.28717269e-11
   9.38904519e-11  9.60729683e-11  8.71506205e-11  7.86500912e-11
   6.81391417e-11  8.65014347e-11  9.72997441e-11  9.83360188e-11
   9.40415158e-11  8.79684804e-11  9.81890735e-11  1.06772713e-10
   1.00010454e-06  1.11179529e-10  5.96097871e-12  3.60692716e-11
   1.53930047e-11 -9.10500919e-08]
 [ 6.20431003e-11  7.20683276e-11  8.42151786e-11  8.30236378e-11
   7.40585483e-11  6.49255554e-11  6.40467490e-11  8.43561804e-11
   9.59603132e-11  9.68014407e-11  8.47195616e-11  7.34278154e-11
   6.30071967e-11  9.27721023e-11  1.02819306e-10  1.02213485e-10
   9.45574549e-11  8.52016601e-11  1.09791382e-10  1.16718316e-10
   1.11179529e-10  1.00012863e-06  3.87132095e-12  3.34177195e-11
   1.06516298e-11 -7.79769000e-08]
 [ 2.30653102e-11  1.95939623e-11  1.86892022e-11  2.19615344e-11
   2.26349420e-11  2.45522481e-11  1.21200625e-11  1.39945446e-11
   1.36791257e-11  1.55232799e-11  1.67940856e-11  1.65658970e-11
   1.48898758e-11  8.19557182e-12  9.27478075e-12  1.01860857e-11
   1.00909911e-11  1.00935053e-11  5.49792148e-12  6.73048929e-12
   5.96097871e-12  3.87132095e-12  1.00002872e-06  2.52490608e-11
   1.91732328e-11 -1.97242288e-08]
 [ 5.58750156e-11  5.03368902e-11  5.25787137e-11  5.61056096e-11
   5.56183051e-11  5.58528903e-11  3.50790485e-11  4.34440740e-11
   4.60407313e-11  4.79303950e-11  4.82135120e-11  4.53746523e-11
   4.33044486e-11  3.56425133e-11  4.09505531e-11  4.05891510e-11
   3.89973775e-11  3.92299964e-11  3.23629014e-11  3.71778654e-11
   3.60692716e-11  3.34177195e-11  2.52490608e-11  1.00005833e-06
   3.33191790e-11 -1.31809010e-07]
 [ 1.74378604e-11  1.23761846e-11  1.38113567e-11  1.90535056e-11
   2.35248627e-11  2.94246941e-11  9.75483335e-12  1.15610506e-11
   1.33731085e-11  1.70517826e-11  2.11235684e-11  2.45913235e-11
   2.68119501e-11  1.03161590e-11  1.33646411e-11  1.54330066e-11
   1.79350909e-11  2.01575860e-11  1.11536192e-11  1.45533769e-11
   1.53930047e-11  1.06516298e-11  1.91732328e-11  3.33191790e-11
   1.00005029e-06 -1.68003755e-07]
 [-1.83940214e-07 -1.94408192e-07 -1.56550688e-07 -1.77100686e-07
  -1.91915175e-07 -2.58838429e-07 -1.83006735e-07 -2.02452716e-07
  -1.33128447e-07 -1.25039045e-07 -1.57457239e-07 -2.31439927e-07
  -1.95052203e-07 -1.70882730e-07 -1.14422966e-07 -1.02877897e-07
  -1.22828764e-07 -1.54791439e-07 -1.42324111e-07 -1.01264505e-07
  -9.10500919e-08 -7.79769000e-08 -1.97242288e-08 -1.31809010e-07
  -1.68003755e-07  3.51572500e-02]]


